-22
91
571
173
708
-24
-5
558
-20
-6
-39
-23
659
-30
-24
524
-33
453
172
-12
363
141
-48
605
-42
562
360
391
-13
-29
-17
478
-22
91
571
173
708
-24
-5
558
-20
-6
-39
-23
659
-30
-24
524
-33
453
172
-12
363
141
-48
605
-42
562
360
391
-13
-29
-17
478
-10
101
458
-35
-12
360
-22
-19
-2
-59
-86
-17
99
-19
-22
-29
-7
-14
212
178
-9
24
31
160
-19
-13
270
116
-31
-5
-18
350
-10
101
458
-35
-12
360
-22
-19
-2
-59
-86
-17
99
-19
-22
-29
-7
-14
212
178
-9
24
31
160
-19
-13
270
116
-31
-5
-18
350
283
127
707
-11
-6
376
-13
-36
211
-31
-54
-38
75
-7
-61
-15
-24
-2
277
-9
-19
-34
-13
209
42
457
465
87
-20
-21
86
276
283
127
707
-11
-6
376
-13
-36
211
-31
-54
-38
75
-7
-61
-15
-24
-2
277
-9
-19
-34
-13
209
42
457
465
87
-20
-21
86
276
152
-5
982
189
-4
218
-16
-39
22
-37
-46
-58
129
58
-71
-32
-27
104
269
-24
-34
-27
-23
100
106
774
464
-12
-40
-26
-5
199
152
-5
982
189
-4
218
-16
-39
22
-37
-46
-58
129
58
-71
-32
-27
104
269
-24
-34
-27
-23
100
106
774
464
-12
-40
-26
-5
199
75
-15
1171
298
67
245
-19
-32
-1
-49
-49
-51
63
39
-59
-39
-18
198
277
-40
-18
-12
-24
17
125
576
506
-4
-36
-21
-8
296
75
-15
1171
298
67
245
-19
-32
-1
-49
-49
-51
63
39
-59
-39
-18
198
277
-40
-18
-12
-24
17
125
576
506
-4
-36
-21
-8
296
142
-17
1186
412
112
435
-9
-38
242
-35
-54
-51
-9
-18
-53
-32
-14
106
399
-43
1
-12
-36
94
218
568
472
168
-37
-6
-12
235
142
-17
1186
412
112
435
-9
-38
242
-35
-54
-51
-9
-18
-53
-32
-14
106
399
-43
1
-12
-36
94
218
568
472
168
-37
-6
-12
235
142
-9
1066
356
-1
462
-19
-34
213
-41
-48
-49
-33
-31
-50
-29
-22
126
384
-38
-10
-13
-25
59
234
637
411
178
-34
-17
-12
329
142
-9
1066
356
-1
462
-19
-34
213
-41
-48
-49
-33
-31
-50
-29
-22
126
384
-38
-10
-13
-25
59
234
637
411
178
-34
-17
-12
329
352
-15
672
349
55
569
-22
-14
294
-31
-33
-42
-17
-14
-48
-26
-24
62
431
-32
-32
56
8
267
132
566
352
102
-23
-39
-15
347
352
-15
672
349
55
569
-22
-14
294
-31
-33
-42
-17
-14
-48
-26
-24
62
431
-32
-32
56
8
267
132
566
352
102
-23
-39
-15
347
412
-23
544
262
216
639
-15
-14
231
-10
-30
-39
35
46
-34
-40
-29
43
288
-61
-32
-5
70
585
-2
392
234
180
-25
-50
-15
515
412
-23
544
262
216
639
-15
-14
231
-10
-30
-39
35
46
-34
-40
-29
43
288
-61
-32
-5
70
585
-2
392
234
180
-25
-50
-15
515
461
-35
499
468
168
589
-25
36
165
39
-1
-17
-12
-10
-29
-44
-37
141
235
-45
-13
139
181
465
219
215
355
245
-35
-39
-23
383
461
-35
499
468
168
589
-25
36
165
39
-1
-17
-12
-10
-29
-44
-37
141
235
-45
-13
139
181
465
219
215
355
245
-35
-39
-23
383
444
-18
576
533
91
508
-17
0
334
164
-15
-13
-14
-14
-39
-56
-33
141
370
-41
-10
199
165
323
134
354
379
51
-25
-37
-14
261
444
-18
576
533
91
508
-17
0
334
164
-15
-13
-14
-14
-39
-56
-33
141
370
-41
-10
199
165
323
134
354
379
51
-25
-37
-14
261
210
-12
548
408
-12
532
-14
-16
266
142
-20
-6
-13
0
-33
-51
-25
4
92
-17
-13
325
32
223
124
34
340
291
-19
-13
-7
39
210
-12
548
408
-12
532
-14
-16
266
142
-20
-6
-13
0
-33
-51
-25
4
92
-17
-13
325
32
223
124
34
340
291
-19
-13
-7
39
465
37
109
127
-8
604
54
32
212
-18
38
-17
272
-18
-49
-39
-7
-1
-11
87
-34
60
-14
402
402
-11
470
386
-8
128
186
-14
465
37
109
127
-8
604
54
32
212
-18
38
-17
272
-18
-49
-39
-7
-1
-11
87
-34
60
-14
402
402
-11
470
386
-8
128
186
-14
-22
91
571
173
708
-24
-5
558
-20
-6
-39
-23
659
-30
-24
524
-33
453
172
-12
363
141
-48
605
-42
562
360
391
-13
-29
-17
478
-22
91
571
173
708
-24
-5
558
-20
-6
-39
-23
659
-30
-24
524
-33
453
172
-12
363
141
-48
605
-42
562
360
391
-13
-29
-17
478
-10
101
458
-35
-12
360
-22
-19
-2
-59
-86
-17
99
-19
-22
-29
-7
-14
212
178
-9
24
31
160
-19
-13
270
116
-31
-5
-18
350
-10
101
458
-35
-12
360
-22
-19
-2
-59
-86
-17
99
-19
-22
-29
-7
-14
212
178
-9
24
31
160
-19
-13
270
116
-31
-5
-18
350
283
127
707
-11
-6
376
-13
-36
211
-31
-54
-38
75
-7
-61
-15
-24
-2
277
-9
-19
-34
-13
209
42
457
465
87
-20
-21
86
276
283
127
707
-11
-6
376
-13
-36
211
-31
-54
-38
75
-7
-61
-15
-24
-2
277
-9
-19
-34
-13
209
42
457
465
87
-20
-21
86
276
152
-5
982
189
-4
218
-16
-39
22
-37
-46
-58
129
58
-71
-32
-27
104
269
-24
-34
-27
-23
100
106
774
464
-12
-40
-26
-5
199
152
-5
982
189
-4
218
-16
-39
22
-37
-46
-58
129
58
-71
-32
-27
104
269
-24
-34
-27
-23
100
106
774
464
-12
-40
-26
-5
199
75
-15
1171
298
67
245
-19
-32
-1
-49
-49
-51
63
39
-59
-39
-18
198
277
-40
-18
-12
-24
17
125
576
506
-4
-36
-21
-8
296
75
-15
1171
298
67
245
-19
-32
-1
-49
-49
-51
63
39
-59
-39
-18
198
277
-40
-18
-12
-24
17
125
576
506
-4
-36
-21
-8
296
142
-17
1186
412
112
435
-9
-38
242
-35
-54
-51
-9
-18
-53
-32
-14
106
399
-43
1
-12
-36
94
218
568
472
168
-37
-6
-12
235
142
-17
1186
412
112
435
-9
-38
242
-35
-54
-51
-9
-18
-53
-32
-14
106
399
-43
1
-12
-36
94
218
568
472
168
-37
-6
-12
235
142
-9
1066
356
-1
462
-19
-34
213
-41
-48
-49
-33
-31
-50
-29
-22
126
384
-38
-10
-13
-25
59
234
637
411
178
-34
-17
-12
329
142
-9
1066
356
-1
462
-19
-34
213
-41
-48
-49
-33
-31
-50
-29
-22
126
384
-38
-10
-13
-25
59
234
637
411
178
-34
-17
-12
329
352
-15
672
349
55
569
-22
-14
294
-31
-33
-42
-17
-14
-48
-26
-24
62
431
-32
-32
56
8
267
132
566
352
102
-23
-39
-15
347
352
-15
672
349
55
569
-22
-14
294
-31
-33
-42
-17
-14
-48
-26
-24
62
431
-32
-32
56
8
267
132
566
352
102
-23
-39
-15
347
412
-23
544
262
216
639
-15
-14
231
-10
-30
-39
35
46
-34
-40
-29
43
288
-61
-32
-5
70
585
-2
392
234
180
-25
-50
-15
515
412
-23
544
262
216
639
-15
-14
231
-10
-30
-39
35
46
-34
-40
-29
43
288
-61
-32
-5
70
585
-2
392
234
180
-25
-50
-15
515
461
-35
499
468
168
589
-25
36
165
39
-1
-17
-12
-10
-29
-44
-37
141
235
-45
-13
139
181
465
219
215
355
245
-35
-39
-23
383
461
-35
499
468
168
589
-25
36
165
39
-1
-17
-12
-10
-29
-44
-37
141
235
-45
-13
139
181
465
219
215
355
245
-35
-39
-23
383
444
-18
576
533
91
508
-17
0
334
164
-15
-13
-14
-14
-39
-56
-33
141
370
-41
-10
199
165
323
134
354
379
51
-25
-37
-14
261
444
-18
576
533
91
508
-17
0
334
164
-15
-13
-14
-14
-39
-56
-33
141
370
-41
-10
199
165
323
134
354
379
51
-25
-37
-14
261
210
-12
548
408
-12
532
-14
-16
266
142
-20
-6
-13
0
-33
-51
-25
4
92
-17
-13
325
32
223
124
34
340
291
-19
-13
-7
39
210
-12
548
408
-12
532
-14
-16
266
142
-20
-6
-13
0
-33
-51
-25
4
92
-17
-13
325
32
223
124
34
340
291
-19
-13
-7
39
465
37
109
127
-8
604
54
32
212
-18
38
-17
272
-18
-49
-39
-7
-1
-11
87
-34
60
-14
402
402
-11
470
386
-8
128
186
-14
465
37
109
127
-8
604
54
32
212
-18
38
-17
272
-18
-49
-39
-7
-1
-11
87
-34
60
-14
402
402
-11
470
386
-8
128
186
-14
505
-11
-5
217
71
321
70
38
370
224
240
95
438
-25
100
23
-3
3
99
0
366
102
87
481
270
-32
0
339
-3
11
318
-7
505
-11
-5
217
71
321
70
38
370
224
240
95
438
-25
100
23
-3
3
99
0
366
102
87
481
270
-32
0
339
-3
11
318
-7
306
172
-29
-5
-16
403
375
-23
401
-23
-63
23
224
-14
-2
-33
288
-14
19
127
0
202
81
57
-7
23
122
-19
-15
-9
295
-4
306
172
-29
-5
-16
403
375
-23
401
-23
-63
23
224
-14
-2
-33
288
-14
19
127
0
202
81
57
-7
23
122
-19
-15
-9
295
-4
389
81
-16
-22
-23
323
381
-26
365
45
-26
208
204
-19
-5
-36
74
117
51
0
267
52
-6
242
220
45
207
53
-22
-17
342
-18
389
81
-16
-22
-23
323
381
-26
365
45
-26
208
204
-19
-5
-36
74
117
51
0
267
52
-6
242
220
45
207
53
-22
-17
342
-18
379
8
-6
-26
51
244
297
-31
204
326
-9
-2
279
-38
-12
-10
-11
121
-3
-11
40
-11
-18
226
561
-11
228
-1
-18
-32
347
-26
379
8
-6
-26
51
244
297
-31
204
326
-9
-2
279
-38
-12
-10
-11
121
-3
-11
40
-11
-18
226
561
-11
228
-1
-18
-32
347
-26
247
-25
301
60
-1
138
199
-43
354
410
24
-3
387
-37
0
-1
-35
-9
15
-24
9
-19
-40
224
609
85
253
-21
-28
-51
87
-21
247
-25
301
60
-1
138
199
-43
354
410
24
-3
387
-37
0
-1
-35
-9
15
-24
9
-19
-40
224
609
85
253
-21
-28
-51
87
-21
260
-42
225
-1
-20
122
78
-33
492
409
-5
-3
272
-36
-16
-8
-37
-26
50
-30
156
-12
-30
234
519
166
287
-17
-32
-40
155
-30
260
-42
225
-1
-20
122
78
-33
492
409
-5
-3
272
-36
-16
-8
-37
-26
50
-30
156
-12
-30
234
519
166
287
-17
-32
-40
155
-30
514
-27
157
71
-13
136
7
-34
559
406
-16
-2
177
-33
-16
-14
-45
-14
76
-30
166
-17
-11
291
494
94
280
-23
-32
-38
114
-25
514
-27
157
71
-13
136
7
-34
559
406
-16
-2
177
-33
-16
-14
-45
-14
76
-30
166
-17
-11
291
494
94
280
-23
-32
-38
114
-25
640
-40
-18
-6
-4
291
-10
-14
661
158
-23
-1
199
-17
-36
-34
-59
-17
211
68
81
173
310
306
248
240
382
-21
-33
-21
159
-13
640
-40
-18
-6
-4
291
-10
-14
661
158
-23
-1
199
-17
-36
-34
-59
-17
211
68
81
173
310
306
248
240
382
-21
-33
-21
159
-13
580
-51
-14
-5
-2
449
-13
-27
584
15
-32
-18
80
-18
-24
-37
-33
-24
280
-2
282
294
299
149
165
75
294
-21
-42
-13
332
-10
580
-51
-14
-5
-2
449
-13
-27
584
15
-32
-18
80
-18
-24
-37
-33
-24
280
-2
282
294
299
149
165
75
294
-21
-42
-13
332
-10
464
-68
-13
1
-19
365
-15
-28
643
-23
-13
-20
-20
-49
-24
-37
-25
-15
292
-2
162
99
199
35
174
366
341
-28
-58
-15
387
-26
464
-68
-13
1
-19
365
-15
-28
643
-23
-13
-20
-20
-49
-24
-37
-25
-15
292
-2
162
99
199
35
174
366
341
-28
-58
-15
387
-26
499
-45
-11
-8
29
274
-9
-32
658
-10
-14
-3
25
-41
-18
-45
-8
-21
355
146
90
159
38
91
149
255
172
-1
-37
-17
325
-32
499
-45
-11
-8
29
274
-9
-32
658
-10
-14
-3
25
-41
-18
-45
-8
-21
355
146
90
159
38
91
149
255
172
-1
-37
-17
325
-32
405
-24
-10
63
-2
148
116
-23
614
-12
-35
3
334
74
-25
-57
-22
-15
151
6
20
223
-12
120
127
129
260
-12
-10
-25
89
-30
405
-24
-10
63
-2
148
116
-23
614
-12
-35
3
334
74
-25
-57
-22
-15
151
6
20
223
-12
120
127
129
260
-12
-10
-25
89
-30
642
-30
-18
62
-43
191
308
-9
613
-7
-17
10
562
-16
-41
-25
-25
-13
-10
103
-2
-9
-17
179
331
263
579
70
90
-23
398
-36
642
-30
-18
62
-43
191
308
-9
613
-7
-17
10
562
-16
-41
-25
-25
-13
-10
103
-2
-9
-17
179
331
263
579
70
90
-23
398
-36
505
-11
-5
217
71
321
70
38
370
224
240
95
438
-25
100
23
-3
3
99
0
366
102
87
481
270
-32
0
339
-3
11
318
-7
505
-11
-5
217
71
321
70
38
370
224
240
95
438
-25
100
23
-3
3
99
0
366
102
87
481
270
-32
0
339
-3
11
318
-7
306
172
-29
-5
-16
403
375
-23
401
-23
-63
23
224
-14
-2
-33
288
-14
19
127
0
202
81
57
-7
23
122
-19
-15
-9
295
-4
306
172
-29
-5
-16
403
375
-23
401
-23
-63
23
224
-14
-2
-33
288
-14
19
127
0
202
81
57
-7
23
122
-19
-15
-9
295
-4
389
81
-16
-22
-23
323
381
-26
365
45
-26
208
204
-19
-5
-36
74
117
51
0
267
52
-6
242
220
45
207
53
-22
-17
342
-18
389
81
-16
-22
-23
323
381
-26
365
45
-26
208
204
-19
-5
-36
74
117
51
0
267
52
-6
242
220
45
207
53
-22
-17
342
-18
379
8
-6
-26
51
244
297
-31
204
326
-9
-2
279
-38
-12
-10
-11
121
-3
-11
40
-11
-18
226
561
-11
228
-1
-18
-32
347
-26
379
8
-6
-26
51
244
297
-31
204
326
-9
-2
279
-38
-12
-10
-11
121
-3
-11
40
-11
-18
226
561
-11
228
-1
-18
-32
347
-26
247
-25
301
60
-1
138
199
-43
354
410
24
-3
387
-37
0
-1
-35
-9
15
-24
9
-19
-40
224
609
85
253
-21
-28
-51
87
-21
247
-25
301
60
-1
138
199
-43
354
410
24
-3
387
-37
0
-1
-35
-9
15
-24
9
-19
-40
224
609
85
253
-21
-28
-51
87
-21
260
-42
225
-1
-20
122
78
-33
492
409
-5
-3
272
-36
-16
-8
-37
-26
50
-30
156
-12
-30
234
519
166
287
-17
-32
-40
155
-30
260
-42
225
-1
-20
122
78
-33
492
409
-5
-3
272
-36
-16
-8
-37
-26
50
-30
156
-12
-30
234
519
166
287
-17
-32
-40
155
-30
514
-27
157
71
-13
136
7
-34
559
406
-16
-2
177
-33
-16
-14
-45
-14
76
-30
166
-17
-11
291
494
94
280
-23
-32
-38
114
-25
514
-27
157
71
-13
136
7
-34
559
406
-16
-2
177
-33
-16
-14
-45
-14
76
-30
166
-17
-11
291
494
94
280
-23
-32
-38
114
-25
640
-40
-18
-6
-4
291
-10
-14
661
158
-23
-1
199
-17
-36
-34
-59
-17
211
68
81
173
310
306
248
240
382
-21
-33
-21
159
-13
640
-40
-18
-6
-4
291
-10
-14
661
158
-23
-1
199
-17
-36
-34
-59
-17
211
68
81
173
310
306
248
240
382
-21
-33
-21
159
-13
580
-51
-14
-5
-2
449
-13
-27
584
15
-32
-18
80
-18
-24
-37
-33
-24
280
-2
282
294
299
149
165
75
294
-21
-42
-13
332
-10
580
-51
-14
-5
-2
449
-13
-27
584
15
-32
-18
80
-18
-24
-37
-33
-24
280
-2
282
294
299
149
165
75
294
-21
-42
-13
332
-10
464
-68
-13
1
-19
365
-15
-28
643
-23
-13
-20
-20
-49
-24
-37
-25
-15
292
-2
162
99
199
35
174
366
341
-28
-58
-15
387
-26
464
-68
-13
1
-19
365
-15
-28
643
-23
-13
-20
-20
-49
-24
-37
-25
-15
292
-2
162
99
199
35
174
366
341
-28
-58
-15
387
-26
499
-45
-11
-8
29
274
-9
-32
658
-10
-14
-3
25
-41
-18
-45
-8
-21
355
146
90
159
38
91
149
255
172
-1
-37
-17
325
-32
499
-45
-11
-8
29
274
-9
-32
658
-10
-14
-3
25
-41
-18
-45
-8
-21
355
146
90
159
38
91
149
255
172
-1
-37
-17
325
-32
405
-24
-10
63
-2
148
116
-23
614
-12
-35
3
334
74
-25
-57
-22
-15
151
6
20
223
-12
120
127
129
260
-12
-10
-25
89
-30
405
-24
-10
63
-2
148
116
-23
614
-12
-35
3
334
74
-25
-57
-22
-15
151
6
20
223
-12
120
127
129
260
-12
-10
-25
89
-30
642
-30
-18
62
-43
191
308
-9
613
-7
-17
10
562
-16
-41
-25
-25
-13
-10
103
-2
-9
-17
179
331
263
579
70
90
-23
398
-36
642
-30
-18
62
-43
191
308
-9
613
-7
-17
10
562
-16
-41
-25
-25
-13
-10
103
-2
-9
-17
179
331
263
579
70
90
-23
398
-36
370
-18
-23
-1
454
397
4
-33
146
400
-24
190
625
-18
95
-20
70
48
-20
-6
72
-3
62
125
-5
-5
70
406
-19
-7
322
26
370
-18
-23
-1
454
397
4
-33
146
400
-24
190
625
-18
95
-20
70
48
-20
-6
72
-3
62
125
-5
-5
70
406
-19
-7
322
26
4
-22
-19
-7
-26
852
466
-23
221
-22
-129
-39
171
-5
-31
-49
-4
-53
-2
-9
75
65
21
-18
-31
139
183
-49
1
-43
31
181
4
-22
-19
-7
-26
852
466
-23
221
-22
-129
-39
171
-5
-31
-49
-4
-53
-2
-9
75
65
21
-18
-31
139
183
-49
1
-43
31
181
253
145
-15
-31
-12
417
552
-28
236
-3
-55
114
92
-23
-7
-41
196
-6
60
-16
253
-4
-9
6
0
-13
18
-7
4
-16
351
-10
253
145
-15
-31
-12
417
552
-28
236
-3
-55
114
92
-23
-7
-41
196
-6
60
-16
253
-4
-9
6
0
-13
18
-7
4
-16
351
-10
303
160
-14
-11
-12
282
281
-56
246
24
-8
119
0
-23
17
-14
80
176
-3
-9
274
157
-4
103
245
-22
125
41
-1
-10
556
-34
303
160
-14
-11
-12
282
281
-56
246
24
-8
119
0
-23
17
-14
80
176
-3
-9
274
157
-4
103
245
-22
125
41
-1
-10
556
-34
262
-12
109
-3
-28
358
308
-39
357
184
-11
27
43
-25
-19
-20
-27
-23
-6
-32
136
148
-33
200
320
-13
62
-33
-13
-27
191
-29
262
-12
109
-3
-28
358
308
-39
357
184
-11
27
43
-25
-19
-20
-27
-23
-6
-32
136
148
-33
200
320
-13
62
-33
-13
-27
191
-29
73
-15
176
-9
89
326
388
-33
384
290
-37
-4
-1
-55
-27
-23
-30
-44
-10
-39
47
-3
-28
167
136
-40
-5
-53
39
-52
0
-27
73
-15
176
-9
89
326
388
-33
384
290
-37
-4
-1
-55
-27
-23
-30
-44
-10
-39
47
-3
-28
167
136
-40
-5
-53
39
-52
0
-27
379
-1
135
-19
25
174
265
-35
414
289
-7
49
-10
-55
-25
-13
-11
-19
-14
-31
207
-8
-2
198
147
-43
-3
-28
-16
-21
230
-28
379
-1
135
-19
25
174
265
-35
414
289
-7
49
-10
-55
-25
-13
-11
-19
-14
-31
207
-8
-2
198
147
-43
-3
-28
-16
-21
230
-28
146
48
83
-15
380
178
193
-21
410
81
-39
-9
-1
-42
-17
-30
-41
-39
-1
-16
-20
43
160
-7
65
-14
52
-55
-40
-19
132
25
146
48
83
-15
380
178
193
-21
410
81
-39
-9
-1
-42
-17
-30
-41
-39
-1
-16
-20
43
160
-7
65
-14
52
-55
-40
-19
132
25
132
-20
109
-9
557
297
89
-44
260
107
-49
-10
252
-8
-13
-13
-17
-21
144
-10
-19
115
300
-22
142
-40
106
-35
-62
-7
104
148
132
-20
109
-9
557
297
89
-44
260
107
-49
-10
252
-8
-13
-13
-17
-21
144
-10
-19
115
300
-22
142
-40
106
-35
-62
-7
104
148
246
-30
111
200
274
423
100
-59
446
-2
-31
-21
57
-13
-9
-16
95
-16
216
-1
56
70
198
-12
200
-27
32
-13
-76
69
243
-3
246
-30
111
200
274
423
100
-59
446
-2
-31
-21
57
-13
-9
-16
95
-16
216
-1
56
70
198
-12
200
-27
32
-13
-76
69
243
-3
411
-5
135
292
-40
487
82
-57
597
43
-36
-13
150
27
-12
-30
158
-11
312
38
245
217
152
-4
213
-19
104
-2
-44
227
400
-3
411
-5
135
292
-40
487
82
-57
597
43
-36
-13
150
27
-12
-30
158
-11
312
38
245
217
152
-4
213
-19
104
-2
-44
227
400
-3
279
-10
147
-7
-35
659
118
-44
491
-19
-47
-21
208
146
-15
-53
-21
-52
369
199
144
107
81
-11
-4
-5
94
-4
-10
41
434
-15
279
-10
147
-7
-35
659
118
-44
491
-19
-47
-21
208
146
-15
-53
-21
-52
369
199
144
107
81
-11
-4
-5
94
-4
-10
41
434
-15
485
-35
11
-4
-42
452
282
-31
490
-14
-20
-5
596
57
-22
-29
-36
-27
223
146
318
-25
144
251
49
7
428
234
168
-16
521
-32
485
-35
11
-4
-42
452
282
-31
490
-14
-20
-5
596
57
-22
-29
-36
-27
223
146
318
-25
144
251
49
7
428
234
168
-16
521
-32
370
-18
-23
-1
454
397
4
-33
146
400
-24
190
625
-18
95
-20
70
48
-20
-6
72
-3
62
125
-5
-5
70
406
-19
-7
322
26
370
-18
-23
-1
454
397
4
-33
146
400
-24
190
625
-18
95
-20
70
48
-20
-6
72
-3
62
125
-5
-5
70
406
-19
-7
322
26
4
-22
-19
-7
-26
852
466
-23
221
-22
-129
-39
171
-5
-31
-49
-4
-53
-2
-9
75
65
21
-18
-31
139
183
-49
1
-43
31
181
4
-22
-19
-7
-26
852
466
-23
221
-22
-129
-39
171
-5
-31
-49
-4
-53
-2
-9
75
65
21
-18
-31
139
183
-49
1
-43
31
181
253
145
-15
-31
-12
417
552
-28
236
-3
-55
114
92
-23
-7
-41
196
-6
60
-16
253
-4
-9
6
0
-13
18
-7
4
-16
351
-10
253
145
-15
-31
-12
417
552
-28
236
-3
-55
114
92
-23
-7
-41
196
-6
60
-16
253
-4
-9
6
0
-13
18
-7
4
-16
351
-10
303
160
-14
-11
-12
282
281
-56
246
24
-8
119
0
-23
17
-14
80
176
-3
-9
274
157
-4
103
245
-22
125
41
-1
-10
556
-34
303
160
-14
-11
-12
282
281
-56
246
24
-8
119
0
-23
17
-14
80
176
-3
-9
274
157
-4
103
245
-22
125
41
-1
-10
556
-34
262
-12
109
-3
-28
358
308
-39
357
184
-11
27
43
-25
-19
-20
-27
-23
-6
-32
136
148
-33
200
320
-13
62
-33
-13
-27
191
-29
262
-12
109
-3
-28
358
308
-39
357
184
-11
27
43
-25
-19
-20
-27
-23
-6
-32
136
148
-33
200
320
-13
62
-33
-13
-27
191
-29
73
-15
176
-9
89
326
388
-33
384
290
-37
-4
-1
-55
-27
-23
-30
-44
-10
-39
47
-3
-28
167
136
-40
-5
-53
39
-52
0
-27
73
-15
176
-9
89
326
388
-33
384
290
-37
-4
-1
-55
-27
-23
-30
-44
-10
-39
47
-3
-28
167
136
-40
-5
-53
39
-52
0
-27
379
-1
135
-19
25
174
265
-35
414
289
-7
49
-10
-55
-25
-13
-11
-19
-14
-31
207
-8
-2
198
147
-43
-3
-28
-16
-21
230
-28
379
-1
135
-19
25
174
265
-35
414
289
-7
49
-10
-55
-25
-13
-11
-19
-14
-31
207
-8
-2
198
147
-43
-3
-28
-16
-21
230
-28
146
48
83
-15
380
178
193
-21
410
81
-39
-9
-1
-42
-17
-30
-41
-39
-1
-16
-20
43
160
-7
65
-14
52
-55
-40
-19
132
25
146
48
83
-15
380
178
193
-21
410
81
-39
-9
-1
-42
-17
-30
-41
-39
-1
-16
-20
43
160
-7
65
-14
52
-55
-40
-19
132
25
132
-20
109
-9
557
297
89
-44
260
107
-49
-10
252
-8
-13
-13
-17
-21
144
-10
-19
115
300
-22
142
-40
106
-35
-62
-7
104
148
132
-20
109
-9
557
297
89
-44
260
107
-49
-10
252
-8
-13
-13
-17
-21
144
-10
-19
115
300
-22
142
-40
106
-35
-62
-7
104
148
246
-30
111
200
274
423
100
-59
446
-2
-31
-21
57
-13
-9
-16
95
-16
216
-1
56
70
198
-12
200
-27
32
-13
-76
69
243
-3
246
-30
111
200
274
423
100
-59
446
-2
-31
-21
57
-13
-9
-16
95
-16
216
-1
56
70
198
-12
200
-27
32
-13
-76
69
243
-3
411
-5
135
292
-40
487
82
-57
597
43
-36
-13
150
27
-12
-30
158
-11
312
38
245
217
152
-4
213
-19
104
-2
-44
227
400
-3
411
-5
135
292
-40
487
82
-57
597
43
-36
-13
150
27
-12
-30
158
-11
312
38
245
217
152
-4
213
-19
104
-2
-44
227
400
-3
279
-10
147
-7
-35
659
118
-44
491
-19
-47
-21
208
146
-15
-53
-21
-52
369
199
144
107
81
-11
-4
-5
94
-4
-10
41
434
-15
279
-10
147
-7
-35
659
118
-44
491
-19
-47
-21
208
146
-15
-53
-21
-52
369
199
144
107
81
-11
-4
-5
94
-4
-10
41
434
-15
485
-35
11
-4
-42
452
282
-31
490
-14
-20
-5
596
57
-22
-29
-36
-27
223
146
318
-25
144
251
49
7
428
234
168
-16
521
-32
485
-35
11
-4
-42
452
282
-31
490
-14
-20
-5
596
57
-22
-29
-36
-27
223
146
318
-25
144
251
49
7
428
234
168
-16
521
-32
395
-28
-26
-13
998
345
179
-13
219
127
-71
-22
811
460
-5
-37
128
236
-20
605
-44
272
-19
483
-8
437
-12
344
1050
-32
516
-32
395
-28
-26
-13
998
345
179
-13
219
127
-71
-22
811
460
-5
-37
128
236
-20
605
-44
272
-19
483
-8
437
-12
344
1050
-32
516
-32
73
-22
189
-14
-42
721
92
-50
-10
-16
-88
-27
76
-33
-25
-78
-5
-23
229
98
48
20
-36
-17
-39
-29
43
-37
-24
-27
92
98
73
-22
189
-14
-42
721
92
-50
-10
-16
-88
-27
76
-33
-25
-78
-5
-23
229
98
48
20
-36
-17
-39
-29
43
-37
-24
-27
92
98
182
137
67
-27
194
124
343
-33
0
170
-36
-8
21
-29
-6
-26
-2
-14
118
-6
-14
-26
-18
-30
85
-39
-23
-14
-28
103
322
-36
182
137
67
-27
194
124
343
-33
0
170
-36
-8
21
-29
-6
-26
-2
-14
118
-6
-14
-26
-18
-30
85
-39
-23
-14
-28
103
322
-36
235
313
-4
-13
-41
-8
332
-66
29
113
-15
-19
81
180
158
-12
50
83
91
-5
-10
-1
120
-16
70
-25
0
-12
-2
44
405
-28
235
313
-4
-13
-41
-8
332
-66
29
113
-15
-19
81
180
158
-12
50
83
91
-5
-10
-1
120
-16
70
-25
0
-12
-2
44
405
-28
446
-11
49
-5
-39
192
287
-32
57
244
92
-9
-20
-42
-4
-20
-5
-3
42
-11
179
93
-16
32
177
-45
-15
122
-14
-8
426
-22
446
-11
49
-5
-39
192
287
-32
57
244
92
-9
-20
-42
-4
-20
-5
-3
42
-11
179
93
-16
32
177
-45
-15
122
-14
-8
426
-22
90
40
350
3
-24
160
654
-29
148
415
8
-9
-9
-41
-15
-44
-13
-35
47
-43
-5
-20
-30
20
-2
-74
-24
-38
-16
-23
-8
-15
90
40
350
3
-24
160
654
-29
148
415
8
-9
-9
-41
-15
-44
-13
-35
47
-43
-5
-20
-30
20
-2
-74
-24
-38
-16
-23
-8
-15
329
237
245
-14
-39
-6
437
-30
87
374
291
-3
-23
-55
17
-2
-11
-21
27
-11
28
-20
-6
-3
41
-48
-27
-35
-17
-18
146
-25
329
237
245
-14
-39
-6
437
-30
87
374
291
-3
-23
-55
17
-2
-11
-21
27
-11
28
-20
-6
-3
41
-48
-27
-35
-17
-18
146
-25
-3
337
621
-20
-10
-11
496
-46
-2
475
-34
-19
70
-38
-26
-17
-28
-32
206
-10
-18
2
-12
-22
-4
-69
-18
-56
-17
-26
-14
98
-3
337
621
-20
-10
-11
496
-46
-2
475
-34
-19
70
-38
-26
-17
-28
-32
206
-10
-18
2
-12
-22
-4
-69
-18
-56
-17
-26
-14
98
-48
-9
1005
-5
849
-34
251
-37
8
364
-77
-28
36
524
-51
-43
-29
-2
554
-60
-61
-39
-19
-6
-3
-123
-24
-46
-22
-30
-30
196
-48
-9
1005
-5
849
-34
251
-37
8
364
-77
-28
36
524
-51
-43
-29
-2
554
-60
-61
-39
-19
-6
-3
-123
-24
-46
-22
-30
-30
196
-79
-18
1135
-14
1256
-48
241
-7
106
418
-90
-47
603
1292
-72
-41
-18
188
265
-70
-114
-58
-51
-3
-35
-135
-18
-37
-60
-10
-51
219
-79
-18
1135
-14
1256
-48
241
-7
106
418
-90
-47
603
1292
-72
-41
-18
188
265
-70
-114
-58
-51
-3
-35
-135
-18
-37
-60
-10
-51
219
-73
156
1143
12
-9
-32
362
-28
256
621
-84
-50
815
970
-74
-25
-29
204
10
-52
-98
-40
-43
-17
-43
-118
235
-54
-43
98
-58
176
-73
156
1143
12
-9
-32
362
-28
256
621
-84
-50
815
970
-74
-25
-29
204
10
-52
-98
-40
-43
-17
-43
-118
235
-54
-43
98
-58
176
-6
297
572
2
-61
146
441
-43
238
299
-33
-9
284
-23
-34
-6
-24
-24
190
-2
-24
91
-2
-43
-13
-77
30
-29
-33
141
-3
99
-6
297
572
2
-61
146
441
-43
238
299
-33
-9
284
-23
-34
-6
-24
-24
190
-2
-24
91
-2
-43
-13
-77
30
-29
-33
141
-3
99
387
75
91
-21
-34
327
271
-25
242
175
-27
75
463
-16
-18
-24
-12
-31
91
109
181
-18
110
18
-20
-48
410
212
332
-21
206
-24
387
75
91
-21
-34
327
271
-25
242
175
-27
75
463
-16
-18
-24
-12
-31
91
109
181
-18
110
18
-20
-48
410
212
332
-21
206
-24
395
-28
-26
-13
998
345
179
-13
219
127
-71
-22
811
460
-5
-37
128
236
-20
605
-44
272
-19
483
-8
437
-12
344
1050
-32
516
-32
395
-28
-26
-13
998
345
179
-13
219
127
-71
-22
811
460
-5
-37
128
236
-20
605
-44
272
-19
483
-8
437
-12
344
1050
-32
516
-32
73
-22
189
-14
-42
721
92
-50
-10
-16
-88
-27
76
-33
-25
-78
-5
-23
229
98
48
20
-36
-17
-39
-29
43
-37
-24
-27
92
98
73
-22
189
-14
-42
721
92
-50
-10
-16
-88
-27
76
-33
-25
-78
-5
-23
229
98
48
20
-36
-17
-39
-29
43
-37
-24
-27
92
98
182
137
67
-27
194
124
343
-33
0
170
-36
-8
21
-29
-6
-26
-2
-14
118
-6
-14
-26
-18
-30
85
-39
-23
-14
-28
103
322
-36
182
137
67
-27
194
124
343
-33
0
170
-36
-8
21
-29
-6
-26
-2
-14
118
-6
-14
-26
-18
-30
85
-39
-23
-14
-28
103
322
-36
235
313
-4
-13
-41
-8
332
-66
29
113
-15
-19
81
180
158
-12
50
83
91
-5
-10
-1
120
-16
70
-25
0
-12
-2
44
405
-28
235
313
-4
-13
-41
-8
332
-66
29
113
-15
-19
81
180
158
-12
50
83
91
-5
-10
-1
120
-16
70
-25
0
-12
-2
44
405
-28
446
-11
49
-5
-39
192
287
-32
57
244
92
-9
-20
-42
-4
-20
-5
-3
42
-11
179
93
-16
32
177
-45
-15
122
-14
-8
426
-22
446
-11
49
-5
-39
192
287
-32
57
244
92
-9
-20
-42
-4
-20
-5
-3
42
-11
179
93
-16
32
177
-45
-15
122
-14
-8
426
-22
90
40
350
3
-24
160
654
-29
148
415
8
-9
-9
-41
-15
-44
-13
-35
47
-43
-5
-20
-30
20
-2
-74
-24
-38
-16
-23
-8
-15
90
40
350
3
-24
160
654
-29
148
415
8
-9
-9
-41
-15
-44
-13
-35
47
-43
-5
-20
-30
20
-2
-74
-24
-38
-16
-23
-8
-15
329
237
245
-14
-39
-6
437
-30
87
374
291
-3
-23
-55
17
-2
-11
-21
27
-11
28
-20
-6
-3
41
-48
-27
-35
-17
-18
146
-25
329
237
245
-14
-39
-6
437
-30
87
374
291
-3
-23
-55
17
-2
-11
-21
27
-11
28
-20
-6
-3
41
-48
-27
-35
-17
-18
146
-25
-3
337
621
-20
-10
-11
496
-46
-2
475
-34
-19
70
-38
-26
-17
-28
-32
206
-10
-18
2
-12
-22
-4
-69
-18
-56
-17
-26
-14
98
-3
337
621
-20
-10
-11
496
-46
-2
475
-34
-19
70
-38
-26
-17
-28
-32
206
-10
-18
2
-12
-22
-4
-69
-18
-56
-17
-26
-14
98
-48
-9
1005
-5
849
-34
251
-37
8
364
-77
-28
36
524
-51
-43
-29
-2
554
-60
-61
-39
-19
-6
-3
-123
-24
-46
-22
-30
-30
196
-48
-9
1005
-5
849
-34
251
-37
8
364
-77
-28
36
524
-51
-43
-29
-2
554
-60
-61
-39
-19
-6
-3
-123
-24
-46
-22
-30
-30
196
-79
-18
1135
-14
1256
-48
241
-7
106
418
-90
-47
603
1292
-72
-41
-18
188
265
-70
-114
-58
-51
-3
-35
-135
-18
-37
-60
-10
-51
219
-79
-18
1135
-14
1256
-48
241
-7
106
418
-90
-47
603
1292
-72
-41
-18
188
265
-70
-114
-58
-51
-3
-35
-135
-18
-37
-60
-10
-51
219
-73
156
1143
12
-9
-32
362
-28
256
621
-84
-50
815
970
-74
-25
-29
204
10
-52
-98
-40
-43
-17
-43
-118
235
-54
-43
98
-58
176
-73
156
1143
12
-9
-32
362
-28
256
621
-84
-50
815
970
-74
-25
-29
204
10
-52
-98
-40
-43
-17
-43
-118
235
-54
-43
98
-58
176
-6
297
572
2
-61
146
441
-43
238
299
-33
-9
284
-23
-34
-6
-24
-24
190
-2
-24
91
-2
-43
-13
-77
30
-29
-33
141
-3
99
-6
297
572
2
-61
146
441
-43
238
299
-33
-9
284
-23
-34
-6
-24
-24
190
-2
-24
91
-2
-43
-13
-77
30
-29
-33
141
-3
99
387
75
91
-21
-34
327
271
-25
242
175
-27
75
463
-16
-18
-24
-12
-31
91
109
181
-18
110
18
-20
-48
410
212
332
-21
206
-24
387
75
91
-21
-34
327
271
-25
242
175
-27
75
463
-16
-18
-24
-12
-31
91
109
181
-18
110
18
-20
-48
410
212
332
-21
206
-24
119
-18
-23
99
-1
105
-9
-25
226
-13
-56
-22
-10
369
-25
-49
89
355
-18
677
-14
249
-30
626
-16
65
-44
230
402
-7
284
-45
119
-18
-23
99
-1
105
-9
-25
226
-13
-56
-22
-10
369
-25
-49
89
355
-18
677
-14
249
-30
626
-16
65
-44
230
402
-7
284
-45
217
-7
-16
2
-7
285
-15
-57
-4
-1
-31
249
159
-1
-11
-49
261
-5
-8
361
40
343
38
284
-9
-36
-33
-6
-43
-17
315
102
217
-7
-16
2
-7
285
-15
-57
-4
-1
-31
249
159
-1
-11
-49
261
-5
-8
361
40
343
38
284
-9
-36
-33
-6
-43
-17
315
102
212
-3
-23
-17
443
0
248
-26
115
94
-22
332
301
244
-2
-22
146
-39
-9
299
-11
164
87
-4
93
-8
-8
177
-43
229
441
-18
212
-3
-23
-17
443
0
248
-26
115
94
-22
332
301
244
-2
-22
146
-39
-9
299
-11
164
87
-4
93
-8
-8
177
-43
229
441
-18
156
243
-15
-23
55
-35
310
-30
-28
309
-6
110
394
543
186
-37
-19
15
102
173
-11
-1
296
56
188
67
66
-6
-28
0
431
-19
156
243
-15
-23
55
-35
310
-30
-28
309
-6
110
394
543
186
-37
-19
15
102
173
-11
-1
296
56
188
67
66
-6
-28
0
431
-19
396
101
-10
-14
-5
-19
21
-30
-27
278
62
174
116
-19
-1
-52
-14
19
74
124
-12
77
160
-3
106
-14
48
114
-18
-33
128
-4
396
101
-10
-14
-5
-19
21
-30
-27
278
62
174
116
-19
-1
-52
-14
19
74
124
-12
77
160
-3
106
-14
48
114
-18
-33
128
-4
401
278
-7
69
263
-16
518
-7
-1
607
526
-2
19
39
190
-81
-9
268
-18
-3
219
149
-9
221
3
-10
-36
12
-67
116
256
-61
401
278
-7
69
263
-16
518
-7
-1
607
526
-2
19
39
190
-81
-9
268
-18
-3
219
149
-9
221
3
-10
-36
12
-67
116
256
-61
484
147
-10
20
275
-19
273
-36
78
410
415
85
124
-40
120
-18
-29
-9
-12
-1
219
226
198
259
262
-8
-35
-6
-29
8
189
-57
484
147
-10
20
275
-19
273
-36
78
410
415
85
124
-40
120
-18
-29
-9
-12
-1
219
226
198
259
262
-8
-35
-6
-29
8
189
-57
471
-6
-1
-15
2
-14
42
-44
-17
314
375
26
-12
-61
235
-7
-2
-24
-1
225
200
117
319
180
336
-18
-32
-20
-30
-19
109
-52
471
-6
-1
-15
2
-14
42
-44
-17
314
375
26
-12
-61
235
-7
-2
-24
-1
225
200
117
319
180
336
-18
-32
-20
-30
-19
109
-52
61
203
395
-6
118
-26
-5
-43
17
623
127
-9
-59
-53
98
-16
0
-15
410
-4
230
-4
197
198
177
-37
-43
-30
-20
-26
-9
-36
61
203
395
-6
118
-26
-5
-43
17
623
127
-9
-59
-53
98
-16
0
-15
410
-4
230
-4
197
198
177
-37
-43
-30
-20
-26
-9
-36
-26
355
528
-30
-18
-26
176
-20
-2
908
-18
-35
-44
120
-31
-28
53
75
400
-46
-25
-36
-14
288
-4
-87
-27
-35
-27
-9
-33
152
-26
355
528
-30
-18
-26
176
-20
-2
908
-18
-35
-44
120
-31
-28
53
75
400
-46
-25
-36
-14
288
-4
-87
-27
-35
-27
-9
-33
152
-23
497
676
-15
-108
-39
366
-40
-13
968
-17
-26
-23
166
-38
-29
-12
-8
160
-37
-49
-23
-1
-12
-21
-101
132
-33
-12
-5
-66
155
-23
497
676
-15
-108
-39
366
-40
-13
968
-17
-26
-23
166
-38
-29
-12
-8
160
-37
-49
-23
-1
-12
-21
-101
132
-33
-12
-5
-66
155
158
272
457
-14
-73
-10
405
-23
-18
509
148
72
-18
-30
-17
-9
-8
-12
168
136
-24
-3
-7
-26
-14
-51
-5
-18
-10
-10
-23
45
158
272
457
-14
-73
-10
405
-23
-18
509
148
72
-18
-30
-17
-9
-8
-12
168
136
-24
-3
-7
-26
-14
-51
-5
-18
-10
-10
-23
45
318
251
217
-30
-37
385
496
31
224
321
-35
34
399
-22
-15
-14
254
-23
98
297
-7
-24
-32
-10
-20
-36
585
118
426
-19
41
-16
318
251
217
-30
-37
385
496
31
224
321
-35
34
399
-22
-15
-14
254
-23
98
297
-7
-24
-32
-10
-20
-36
585
118
426
-19
41
-16
119
-18
-23
99
-1
105
-9
-25
226
-13
-56
-22
-10
369
-25
-49
89
355
-18
677
-14
249
-30
626
-16
65
-44
230
402
-7
284
-45
119
-18
-23
99
-1
105
-9
-25
226
-13
-56
-22
-10
369
-25
-49
89
355
-18
677
-14
249
-30
626
-16
65
-44
230
402
-7
284
-45
217
-7
-16
2
-7
285
-15
-57
-4
-1
-31
249
159
-1
-11
-49
261
-5
-8
361
40
343
38
284
-9
-36
-33
-6
-43
-17
315
102
217
-7
-16
2
-7
285
-15
-57
-4
-1
-31
249
159
-1
-11
-49
261
-5
-8
361
40
343
38
284
-9
-36
-33
-6
-43
-17
315
102
212
-3
-23
-17
443
0
248
-26
115
94
-22
332
301
244
-2
-22
146
-39
-9
299
-11
164
87
-4
93
-8
-8
177
-43
229
441
-18
212
-3
-23
-17
443
0
248
-26
115
94
-22
332
301
244
-2
-22
146
-39
-9
299
-11
164
87
-4
93
-8
-8
177
-43
229
441
-18
156
243
-15
-23
55
-35
310
-30
-28
309
-6
110
394
543
186
-37
-19
15
102
173
-11
-1
296
56
188
67
66
-6
-28
0
431
-19
156
243
-15
-23
55
-35
310
-30
-28
309
-6
110
394
543
186
-37
-19
15
102
173
-11
-1
296
56
188
67
66
-6
-28
0
431
-19
396
101
-10
-14
-5
-19
21
-30
-27
278
62
174
116
-19
-1
-52
-14
19
74
124
-12
77
160
-3
106
-14
48
114
-18
-33
128
-4
396
101
-10
-14
-5
-19
21
-30
-27
278
62
174
116
-19
-1
-52
-14
19
74
124
-12
77
160
-3
106
-14
48
114
-18
-33
128
-4
401
278
-7
69
263
-16
518
-7
-1
607
526
-2
19
39
190
-81
-9
268
-18
-3
219
149
-9
221
3
-10
-36
12
-67
116
256
-61
401
278
-7
69
263
-16
518
-7
-1
607
526
-2
19
39
190
-81
-9
268
-18
-3
219
149
-9
221
3
-10
-36
12
-67
116
256
-61
484
147
-10
20
275
-19
273
-36
78
410
415
85
124
-40
120
-18
-29
-9
-12
-1
219
226
198
259
262
-8
-35
-6
-29
8
189
-57
484
147
-10
20
275
-19
273
-36
78
410
415
85
124
-40
120
-18
-29
-9
-12
-1
219
226
198
259
262
-8
-35
-6
-29
8
189
-57
471
-6
-1
-15
2
-14
42
-44
-17
314
375
26
-12
-61
235
-7
-2
-24
-1
225
200
117
319
180
336
-18
-32
-20
-30
-19
109
-52
471
-6
-1
-15
2
-14
42
-44
-17
314
375
26
-12
-61
235
-7
-2
-24
-1
225
200
117
319
180
336
-18
-32
-20
-30
-19
109
-52
61
203
395
-6
118
-26
-5
-43
17
623
127
-9
-59
-53
98
-16
0
-15
410
-4
230
-4
197
198
177
-37
-43
-30
-20
-26
-9
-36
61
203
395
-6
118
-26
-5
-43
17
623
127
-9
-59
-53
98
-16
0
-15
410
-4
230
-4
197
198
177
-37
-43
-30
-20
-26
-9
-36
-26
355
528
-30
-18
-26
176
-20
-2
908
-18
-35
-44
120
-31
-28
53
75
400
-46
-25
-36
-14
288
-4
-87
-27
-35
-27
-9
-33
152
-26
355
528
-30
-18
-26
176
-20
-2
908
-18
-35
-44
120
-31
-28
53
75
400
-46
-25
-36
-14
288
-4
-87
-27
-35
-27
-9
-33
152
-23
497
676
-15
-108
-39
366
-40
-13
968
-17
-26
-23
166
-38
-29
-12
-8
160
-37
-49
-23
-1
-12
-21
-101
132
-33
-12
-5
-66
155
-23
497
676
-15
-108
-39
366
-40
-13
968
-17
-26
-23
166
-38
-29
-12
-8
160
-37
-49
-23
-1
-12
-21
-101
132
-33
-12
-5
-66
155
158
272
457
-14
-73
-10
405
-23
-18
509
148
72
-18
-30
-17
-9
-8
-12
168
136
-24
-3
-7
-26
-14
-51
-5
-18
-10
-10
-23
45
158
272
457
-14
-73
-10
405
-23
-18
509
148
72
-18
-30
-17
-9
-8
-12
168
136
-24
-3
-7
-26
-14
-51
-5
-18
-10
-10
-23
45
318
251
217
-30
-37
385
496
31
224
321
-35
34
399
-22
-15
-14
254
-23
98
297
-7
-24
-32
-10
-20
-36
585
118
426
-19
41
-16
318
251
217
-30
-37
385
496
31
224
321
-35
34
399
-22
-15
-14
254
-23
98
297
-7
-24
-32
-10
-20
-36
585
118
426
-19
41
-16
178
-8
-12
-16
-7
55
-18
-54
-8
-1
-40
165
-40
-17
167
-44
-1
100
-21
268
80
347
164
173
-18
197
-17
-1
98
-7
124
-14
178
-8
-12
-16
-7
55
-18
-54
-8
-1
-40
165
-40
-17
167
-44
-1
100
-21
268
80
347
164
173
-18
197
-17
-1
98
-7
124
-14
162
17
-21
-26
678
-14
-9
-66
8
-16
-35
150
-37
28
-15
-16
-3
-6
-36
121
0
320
359
238
96
-44
-22
-4
-23
17
120
-13
162
17
-21
-26
678
-14
-9
-66
8
-16
-35
150
-37
28
-15
-16
-3
-6
-36
121
0
320
359
238
96
-44
-22
-4
-23
17
120
-13
-9
-29
-8
-27
354
-18
125
-42
1
-2
-31
400
-16
260
38
-21
29
0
-44
-37
215
99
-6
271
123
161
-33
165
-47
235
415
-6
-9
-29
-8
-27
354
-18
125
-42
1
-2
-31
400
-16
260
38
-21
29
0
-44
-37
215
99
-6
271
123
161
-33
165
-47
235
415
-6
-4
-23
-8
-5
0
-37
262
-54
-49
102
-27
443
133
407
31
-89
-57
-29
186
-46
-23
-37
309
449
397
344
57
-3
126
-9
526
-16
-4
-23
-8
-5
0
-37
262
-54
-49
102
-27
443
133
407
31
-89
-57
-29
186
-46
-23
-37
309
449
397
344
57
-3
126
-9
526
-16
604
-17
-49
-17
261
-19
259
-17
-29
311
20
530
2
97
175
-82
-37
24
-17
77
-30
23
386
358
318
139
-28
336
111
26
555
16
604
-17
-49
-17
261
-19
259
-17
-29
311
20
530
2
97
175
-82
-37
24
-17
77
-30
23
386
358
318
139
-28
336
111
26
555
16
794
141
-60
-29
712
-18
540
-29
135
8
-24
191
-8
23
487
-70
-20
212
-59
39
-35
-1
-1
515
363
-1
-34
96
-38
218
474
-12
794
141
-60
-29
712
-18
540
-29
135
8
-24
191
-8
23
487
-70
-20
212
-59
39
-35
-1
-1
515
363
-1
-34
96
-38
218
474
-12
676
193
-30
277
811
52
274
-49
140
-25
-13
335
-16
-33
698
-87
-43
133
-26
-20
-18
105
102
236
486
-10
-6
-14
-17
303
740
-26
676
193
-30
277
811
52
274
-49
140
-25
-13
335
-16
-33
698
-87
-43
133
-26
-20
-18
105
102
236
486
-10
-6
-14
-17
303
740
-26
722
534
-24
373
102
215
146
-49
-10
-40
-7
249
-8
-35
611
-75
-27
3
-12
-27
-33
71
78
-7
522
-3
44
-17
-44
300
588
-58
722
534
-24
373
102
215
146
-49
-10
-40
-7
249
-8
-35
611
-75
-27
3
-12
-27
-33
71
78
-7
522
-3
44
-17
-44
300
588
-58
572
835
-26
27
-3
366
246
-30
-26
-16
-26
148
-27
-38
369
-64
-5
-1
-9
-2
-1
-5
176
-15
307
22
-14
-31
-33
345
480
-90
572
835
-26
27
-3
366
246
-30
-26
-16
-26
148
-27
-38
369
-64
-5
-1
-9
-2
-1
-5
176
-15
307
22
-14
-31
-33
345
480
-90
444
409
-16
80
-19
104
208
-58
-29
38
286
-5
-5
149
359
-15
326
127
200
-17
-9
-21
372
-10
414
-13
-20
-27
-52
461
321
-64
444
409
-16
80
-19
104
208
-58
-29
38
286
-5
-5
149
359
-15
326
127
200
-17
-9
-21
372
-10
414
-13
-20
-27
-52
461
321
-64
214
138
-22
22
-30
-5
60
-34
-17
85
353
-5
-21
-5
293
-6
271
44
246
22
104
-18
272
-12
289
-24
-9
15
-25
238
1
-47
214
138
-22
22
-30
-5
60
-34
-17
85
353
-5
-21
-5
293
-6
271
44
246
22
104
-18
272
-12
289
-24
-9
15
-25
238
1
-47
179
147
-3
62
-21
-18
335
104
76
311
-8
191
-31
-6
188
126
208
20
-23
-10
184
-32
-20
10
200
-8
-15
4
68
302
105
-26
179
147
-3
62
-21
-18
335
104
76
311
-8
191
-31
-6
188
126
208
20
-23
-10
184
-32
-20
10
200
-8
-15
4
68
302
105
-26
177
409
55
32
-23
307
493
396
516
442
-31
308
301
-21
185
-12
251
28
-3
88
-26
-58
-2
-4
-11
-2
466
-6
931
-4
407
-24
177
409
55
32
-23
307
493
396
516
442
-31
308
301
-21
185
-12
251
28
-3
88
-26
-58
-2
-4
-11
-2
466
-6
931
-4
407
-24
178
-8
-12
-16
-7
55
-18
-54
-8
-1
-40
165
-40
-17
167
-44
-1
100
-21
268
80
347
164
173
-18
197
-17
-1
98
-7
124
-14
178
-8
-12
-16
-7
55
-18
-54
-8
-1
-40
165
-40
-17
167
-44
-1
100
-21
268
80
347
164
173
-18
197
-17
-1
98
-7
124
-14
162
17
-21
-26
678
-14
-9
-66
8
-16
-35
150
-37
28
-15
-16
-3
-6
-36
121
0
320
359
238
96
-44
-22
-4
-23
17
120
-13
162
17
-21
-26
678
-14
-9
-66
8
-16
-35
150
-37
28
-15
-16
-3
-6
-36
121
0
320
359
238
96
-44
-22
-4
-23
17
120
-13
-9
-29
-8
-27
354
-18
125
-42
1
-2
-31
400
-16
260
38
-21
29
0
-44
-37
215
99
-6
271
123
161
-33
165
-47
235
415
-6
-9
-29
-8
-27
354
-18
125
-42
1
-2
-31
400
-16
260
38
-21
29
0
-44
-37
215
99
-6
271
123
161
-33
165
-47
235
415
-6
-4
-23
-8
-5
0
-37
262
-54
-49
102
-27
443
133
407
31
-89
-57
-29
186
-46
-23
-37
309
449
397
344
57
-3
126
-9
526
-16
-4
-23
-8
-5
0
-37
262
-54
-49
102
-27
443
133
407
31
-89
-57
-29
186
-46
-23
-37
309
449
397
344
57
-3
126
-9
526
-16
604
-17
-49
-17
261
-19
259
-17
-29
311
20
530
2
97
175
-82
-37
24
-17
77
-30
23
386
358
318
139
-28
336
111
26
555
16
604
-17
-49
-17
261
-19
259
-17
-29
311
20
530
2
97
175
-82
-37
24
-17
77
-30
23
386
358
318
139
-28
336
111
26
555
16
794
141
-60
-29
712
-18
540
-29
135
8
-24
191
-8
23
487
-70
-20
212
-59
39
-35
-1
-1
515
363
-1
-34
96
-38
218
474
-12
794
141
-60
-29
712
-18
540
-29
135
8
-24
191
-8
23
487
-70
-20
212
-59
39
-35
-1
-1
515
363
-1
-34
96
-38
218
474
-12
676
193
-30
277
811
52
274
-49
140
-25
-13
335
-16
-33
698
-87
-43
133
-26
-20
-18
105
102
236
486
-10
-6
-14
-17
303
740
-26
676
193
-30
277
811
52
274
-49
140
-25
-13
335
-16
-33
698
-87
-43
133
-26
-20
-18
105
102
236
486
-10
-6
-14
-17
303
740
-26
722
534
-24
373
102
215
146
-49
-10
-40
-7
249
-8
-35
611
-75
-27
3
-12
-27
-33
71
78
-7
522
-3
44
-17
-44
300
588
-58
722
534
-24
373
102
215
146
-49
-10
-40
-7
249
-8
-35
611
-75
-27
3
-12
-27
-33
71
78
-7
522
-3
44
-17
-44
300
588
-58
572
835
-26
27
-3
366
246
-30
-26
-16
-26
148
-27
-38
369
-64
-5
-1
-9
-2
-1
-5
176
-15
307
22
-14
-31
-33
345
480
-90
572
835
-26
27
-3
366
246
-30
-26
-16
-26
148
-27
-38
369
-64
-5
-1
-9
-2
-1
-5
176
-15
307
22
-14
-31
-33
345
480
-90
444
409
-16
80
-19
104
208
-58
-29
38
286
-5
-5
149
359
-15
326
127
200
-17
-9
-21
372
-10
414
-13
-20
-27
-52
461
321
-64
444
409
-16
80
-19
104
208
-58
-29
38
286
-5
-5
149
359
-15
326
127
200
-17
-9
-21
372
-10
414
-13
-20
-27
-52
461
321
-64
214
138
-22
22
-30
-5
60
-34
-17
85
353
-5
-21
-5
293
-6
271
44
246
22
104
-18
272
-12
289
-24
-9
15
-25
238
1
-47
214
138
-22
22
-30
-5
60
-34
-17
85
353
-5
-21
-5
293
-6
271
44
246
22
104
-18
272
-12
289
-24
-9
15
-25
238
1
-47
179
147
-3
62
-21
-18
335
104
76
311
-8
191
-31
-6
188
126
208
20
-23
-10
184
-32
-20
10
200
-8
-15
4
68
302
105
-26
179
147
-3
62
-21
-18
335
104
76
311
-8
191
-31
-6
188
126
208
20
-23
-10
184
-32
-20
10
200
-8
-15
4
68
302
105
-26
177
409
55
32
-23
307
493
396
516
442
-31
308
301
-21
185
-12
251
28
-3
88
-26
-58
-2
-4
-11
-2
466
-6
931
-4
407
-24
177
409
55
32
-23
307
493
396
516
442
-31
308
301
-21
185
-12
251
28
-3
88
-26
-58
-2
-4
-11
-2
466
-6
931
-4
407
-24
18
-10
-38
-43
747
10
322
25
170
-7
-86
404
-14
-12
390
-3
216
-10
-28
142
321
-3
-29
-4
19
166
-14
31
673
208
62
-24
18
-10
-38
-43
747
10
322
25
170
-7
-86
404
-14
-12
390
-3
216
-10
-28
142
321
-3
-29
-4
19
166
-14
31
673
208
62
-24
132
203
-50
-45
985
43
136
-8
492
-31
-74
11
-26
-12
274
-21
63
42
-26
0
292
-26
-7
178
140
-6
-48
-29
360
-12
378
-34
132
203
-50
-45
985
43
136
-8
492
-31
-74
11
-26
-12
274
-21
63
42
-26
0
292
-26
-7
178
140
-6
-48
-29
360
-12
378
-34
-24
-47
-42
-49
1120
-16
189
-30
102
-8
-47
554
212
551
236
-57
-26
-6
-32
-37
130
-14
-59
660
150
580
-62
-2
138
-12
471
-28
-24
-47
-42
-49
1120
-16
189
-30
102
-8
-47
554
212
551
236
-57
-26
-6
-32
-37
130
-14
-59
660
150
580
-62
-2
138
-12
471
-28
2
-23
-41
-36
636
-68
655
-68
-42
275
-46
642
729
529
0
-103
-88
-25
-16
-46
-31
-32
57
835
493
-15
-23
52
486
-23
314
-13
2
-23
-41
-36
636
-68
655
-68
-42
275
-46
642
729
529
0
-103
-88
-25
-16
-46
-31
-32
57
835
493
-15
-23
52
486
-23
314
-13
279
-29
-71
-44
948
-68
955
-23
-47
375
-16
750
989
831
97
-62
-87
-4
-58
-13
-69
-45
140
712
864
-57
-35
167
748
-7
472
-28
279
-29
-71
-44
948
-68
955
-23
-47
375
-16
750
989
831
97
-62
-87
-4
-58
-13
-69
-45
140
712
864
-57
-35
167
748
-7
472
-28
691
-33
-87
-48
1056
-3
847
-28
119
-61
-49
653
-31
260
593
-125
-34
-9
-60
180
-28
-3
167
633
514
-32
-50
109
397
200
879
-56
691
-33
-87
-48
1056
-3
847
-28
119
-61
-49
653
-31
260
593
-125
-34
-9
-60
180
-28
-3
167
633
514
-32
-50
109
397
200
879
-56
260
-15
-68
-44
822
54
759
-106
565
-109
-69
681
-39
252
969
-180
-5
0
-27
-24
149
218
-4
547
66
-23
-61
-18
71
599
1037
-69
260
-15
-68
-44
822
54
759
-106
565
-109
-69
681
-39
252
969
-180
-5
0
-27
-24
149
218
-4
547
66
-23
-61
-18
71
599
1037
-69
447
518
-29
169
115
-21
695
-110
574
-66
-16
540
-6
461
1261
-168
-24
545
-2
-78
-19
-14
-13
347
178
384
-56
34
54
493
849
-54
447
518
-29
169
115
-21
695
-110
574
-66
-16
540
-6
461
1261
-168
-24
545
-2
-78
-19
-14
-13
347
178
384
-56
34
54
493
849
-54
491
499
-28
214
-1
-20
523
-37
399
-16
-28
194
32
131
1131
-112
-43
531
-18
-40
-30
-22
-24
175
24
429
-45
449
156
584
686
-77
491
499
-28
214
-1
-20
523
-37
399
-16
-28
194
32
131
1131
-112
-43
531
-18
-40
-30
-22
-24
175
24
429
-45
449
156
584
686
-77
716
219
-13
387
139
199
355
-35
268
108
129
236
33
-11
874
-77
-29
427
173
-56
-26
-19
247
176
231
173
-49
270
-28
500
615
-52
716
219
-13
387
139
199
355
-35
268
108
129
236
33
-11
874
-77
-29
427
173
-56
-26
-19
247
176
231
173
-49
270
-28
500
615
-52
349
321
-9
50
-34
168
274
-20
95
37
67
27
170
181
309
-18
424
463
219
-32
19
-1
-3
76
-2
-15
19
232
12
462
413
-31
349
321
-9
50
-34
168
274
-20
95
37
67
27
170
181
309
-18
424
463
219
-32
19
-1
-3
76
-2
-15
19
232
12
462
413
-31
222
235
-26
173
-7
-2
300
132
112
180
-20
316
-14
-5
248
-9
296
94
-9
6
305
-16
-11
130
119
-8
46
71
354
485
379
-31
222
235
-26
173
-7
-2
300
132
112
180
-20
316
-14
-5
248
-9
296
94
-9
6
305
-16
-11
130
119
-8
46
71
354
485
379
-31
126
154
-35
144
-11
297
257
375
471
428
-67
600
285
-6
478
-24
396
-1
-28
347
-15
-10
-32
148
-30
-15
459
130
1070
99
428
-38
126
154
-35
144
-11
297
257
375
471
428
-67
600
285
-6
478
-24
396
-1
-28
347
-15
-10
-32
148
-30
-15
459
130
1070
99
428
-38
18
-10
-38
-43
747
10
322
25
170
-7
-86
404
-14
-12
390
-3
216
-10
-28
142
321
-3
-29
-4
19
166
-14
31
673
208
62
-24
18
-10
-38
-43
747
10
322
25
170
-7
-86
404
-14
-12
390
-3
216
-10
-28
142
321
-3
-29
-4
19
166
-14
31
673
208
62
-24
132
203
-50
-45
985
43
136
-8
492
-31
-74
11
-26
-12
274
-21
63
42
-26
0
292
-26
-7
178
140
-6
-48
-29
360
-12
378
-34
132
203
-50
-45
985
43
136
-8
492
-31
-74
11
-26
-12
274
-21
63
42
-26
0
292
-26
-7
178
140
-6
-48
-29
360
-12
378
-34
-24
-47
-42
-49
1120
-16
189
-30
102
-8
-47
554
212
551
236
-57
-26
-6
-32
-37
130
-14
-59
660
150
580
-62
-2
138
-12
471
-28
-24
-47
-42
-49
1120
-16
189
-30
102
-8
-47
554
212
551
236
-57
-26
-6
-32
-37
130
-14
-59
660
150
580
-62
-2
138
-12
471
-28
2
-23
-41
-36
636
-68
655
-68
-42
275
-46
642
729
529
0
-103
-88
-25
-16
-46
-31
-32
57
835
493
-15
-23
52
486
-23
314
-13
2
-23
-41
-36
636
-68
655
-68
-42
275
-46
642
729
529
0
-103
-88
-25
-16
-46
-31
-32
57
835
493
-15
-23
52
486
-23
314
-13
279
-29
-71
-44
948
-68
955
-23
-47
375
-16
750
989
831
97
-62
-87
-4
-58
-13
-69
-45
140
712
864
-57
-35
167
748
-7
472
-28
279
-29
-71
-44
948
-68
955
-23
-47
375
-16
750
989
831
97
-62
-87
-4
-58
-13
-69
-45
140
712
864
-57
-35
167
748
-7
472
-28
691
-33
-87
-48
1056
-3
847
-28
119
-61
-49
653
-31
260
593
-125
-34
-9
-60
180
-28
-3
167
633
514
-32
-50
109
397
200
879
-56
691
-33
-87
-48
1056
-3
847
-28
119
-61
-49
653
-31
260
593
-125
-34
-9
-60
180
-28
-3
167
633
514
-32
-50
109
397
200
879
-56
260
-15
-68
-44
822
54
759
-106
565
-109
-69
681
-39
252
969
-180
-5
0
-27
-24
149
218
-4
547
66
-23
-61
-18
71
599
1037
-69
260
-15
-68
-44
822
54
759
-106
565
-109
-69
681
-39
252
969
-180
-5
0
-27
-24
149
218
-4
547
66
-23
-61
-18
71
599
1037
-69
447
518
-29
169
115
-21
695
-110
574
-66
-16
540
-6
461
1261
-168
-24
545
-2
-78
-19
-14
-13
347
178
384
-56
34
54
493
849
-54
447
518
-29
169
115
-21
695
-110
574
-66
-16
540
-6
461
1261
-168
-24
545
-2
-78
-19
-14
-13
347
178
384
-56
34
54
493
849
-54
491
499
-28
214
-1
-20
523
-37
399
-16
-28
194
32
131
1131
-112
-43
531
-18
-40
-30
-22
-24
175
24
429
-45
449
156
584
686
-77
491
499
-28
214
-1
-20
523
-37
399
-16
-28
194
32
131
1131
-112
-43
531
-18
-40
-30
-22
-24
175
24
429
-45
449
156
584
686
-77
716
219
-13
387
139
199
355
-35
268
108
129
236
33
-11
874
-77
-29
427
173
-56
-26
-19
247
176
231
173
-49
270
-28
500
615
-52
716
219
-13
387
139
199
355
-35
268
108
129
236
33
-11
874
-77
-29
427
173
-56
-26
-19
247
176
231
173
-49
270
-28
500
615
-52
349
321
-9
50
-34
168
274
-20
95
37
67
27
170
181
309
-18
424
463
219
-32
19
-1
-3
76
-2
-15
19
232
12
462
413
-31
349
321
-9
50
-34
168
274
-20
95
37
67
27
170
181
309
-18
424
463
219
-32
19
-1
-3
76
-2
-15
19
232
12
462
413
-31
222
235
-26
173
-7
-2
300
132
112
180
-20
316
-14
-5
248
-9
296
94
-9
6
305
-16
-11
130
119
-8
46
71
354
485
379
-31
222
235
-26
173
-7
-2
300
132
112
180
-20
316
-14
-5
248
-9
296
94
-9
6
305
-16
-11
130
119
-8
46
71
354
485
379
-31
126
154
-35
144
-11
297
257
375
471
428
-67
600
285
-6
478
-24
396
-1
-28
347
-15
-10
-32
148
-30
-15
459
130
1070
99
428
-38
126
154
-35
144
-11
297
257
375
471
428
-67
600
285
-6
478
-24
396
-1
-28
347
-15
-10
-32
148
-30
-15
459
130
1070
99
428
-38
-11
-24
-32
-21
273
106
409
212
393
-6
-27
240
-46
-36
27
-36
160
0
-12
-1
397
-27
-19
-7
-7
298
-28
270
479
-2
-5
-60
-11
-24
-32
-21
273
106
409
212
393
-6
-27
240
-46
-36
27
-36
160
0
-12
-1
397
-27
-19
-7
-7
298
-28
270
479
-2
-5
-60
-29
-37
-41
-23
-20
173
-7
49
316
-12
-27
325
-54
50
-14
-37
102
-3
-18
-22
189
-21
139
266
-18
148
-64
295
-9
-7
179
-28
-29
-37
-41
-23
-20
173
-7
49
316
-12
-27
325
-54
50
-14
-37
102
-3
-18
-22
189
-21
139
266
-18
148
-64
295
-9
-7
179
-28
-55
-73
-37
-17
290
-38
97
-29
150
330
-30
557
-9
-22
75
-37
-71
-27
-42
-18
189
-50
-42
712
-72
247
-65
579
-39
2
176
-41
-55
-73
-37
-17
290
-38
97
-29
150
330
-30
557
-9
-22
75
-37
-71
-27
-42
-18
189
-50
-42
712
-72
247
-65
579
-39
2
176
-41
-11
-48
-36
-71
1832
-99
790
-63
-31
570
-62
555
618
313
153
128
-73
-22
-89
-35
-32
-45
-40
1280
39
-111
-108
658
799
-11
363
-40
-11
-48
-36
-71
1832
-99
790
-63
-31
570
-62
555
618
313
153
128
-73
-22
-89
-35
-32
-45
-40
1280
39
-111
-108
658
799
-11
363
-40
-7
-39
-32
-85
636
-90
964
-13
-37
588
-18
532
997
529
40
-41
-53
-39
-65
-28
-53
-44
-21
752
654
-101
-46
600
1277
173
270
-49
-7
-39
-32
-85
636
-90
964
-13
-37
588
-18
532
997
529
40
-41
-53
-39
-65
-28
-53
-44
-21
752
654
-101
-46
600
1277
173
270
-49
264
-35
-18
-50
125
-31
618
-9
-9
-33
123
465
-8
91
503
-106
-76
37
-12
71
-11
-38
209
636
696
-13
-35
48
731
115
361
-51
264
-35
-18
-50
125
-31
618
-9
-9
-33
123
465
-8
91
503
-106
-76
37
-12
71
-11
-38
209
636
696
-13
-35
48
731
115
361
-51
-22
64
-53
-25
361
-10
373
-31
435
-114
-33
211
-21
159
492
-77
-15
114
239
-33
490
138
-25
842
289
128
-96
-22
37
441
441
-54
-22
64
-53
-25
361
-10
373
-31
435
-114
-33
211
-21
159
492
-77
-15
114
239
-33
490
138
-25
842
289
128
-96
-22
37
441
441
-54
-10
309
-66
118
-54
-42
444
-50
617
-64
-36
266
-31
632
439
-118
-27
457
228
-44
-50
70
77
713
-14
222
-100
173
371
612
387
-37
-10
309
-66
118
-54
-42
444
-50
617
-64
-36
266
-31
632
439
-118
-27
457
228
-44
-50
70
77
713
-14
222
-100
173
371
612
387
-37
61
172
-40
208
-149
-36
290
-30
509
-14
-32
84
205
858
463
-82
-27
404
-2
-11
-45
-10
115
439
-7
549
-41
499
569
790
348
-43
61
172
-40
208
-149
-36
290
-30
509
-14
-32
84
205
858
463
-82
-27
404
-2
-11
-45
-10
115
439
-7
549
-41
499
569
790
348
-43
363
130
-12
304
-56
139
114
127
178
148
135
28
248
-7
475
-17
117
195
113
29
-19
-13
59
150
41
150
-20
318
56
463
280
-12
363
130
-12
304
-56
139
114
127
178
148
135
28
248
-7
475
-17
117
195
113
29
-19
-13
59
150
41
150
-20
318
56
463
280
-12
263
84
36
263
-59
221
82
-3
140
-2
-13
-17
14
-3
153
-8
307
205
177
70
1
-11
-3
130
66
-14
17
325
1
387
448
-11
263
84
36
263
-59
221
82
-3
140
-2
-13
-17
14
-3
153
-8
307
205
177
70
1
-11
-3
130
66
-14
17
325
1
387
448
-11
144
81
-15
183
-33
130
350
-13
188
104
-19
234
-36
-15
55
18
205
-4
135
26
215
-22
0
62
141
-3
30
-3
348
558
327
-27
144
81
-15
183
-33
130
350
-13
188
104
-19
234
-36
-15
55
18
205
-4
135
26
215
-22
0
62
141
-3
30
-3
348
558
327
-27
53
-16
-27
362
-46
307
474
163
477
223
-19
469
-8
120
570
-16
392
-1
81
313
-17
-25
-31
186
-19
-9
388
233
978
414
407
-41
53
-16
-27
362
-46
307
474
163
477
223
-19
469
-8
120
570
-16
392
-1
81
313
-17
-25
-31
186
-19
-9
388
233
978
414
407
-41
-11
-24
-32
-21
273
106
409
212
393
-6
-27
240
-46
-36
27
-36
160
0
-12
-1
397
-27
-19
-7
-7
298
-28
270
479
-2
-5
-60
-11
-24
-32
-21
273
106
409
212
393
-6
-27
240
-46
-36
27
-36
160
0
-12
-1
397
-27
-19
-7
-7
298
-28
270
479
-2
-5
-60
-29
-37
-41
-23
-20
173
-7
49
316
-12
-27
325
-54
50
-14
-37
102
-3
-18
-22
189
-21
139
266
-18
148
-64
295
-9
-7
179
-28
-29
-37
-41
-23
-20
173
-7
49
316
-12
-27
325
-54
50
-14
-37
102
-3
-18
-22
189
-21
139
266
-18
148
-64
295
-9
-7
179
-28
-55
-73
-37
-17
290
-38
97
-29
150
330
-30
557
-9
-22
75
-37
-71
-27
-42
-18
189
-50
-42
712
-72
247
-65
579
-39
2
176
-41
-55
-73
-37
-17
290
-38
97
-29
150
330
-30
557
-9
-22
75
-37
-71
-27
-42
-18
189
-50
-42
712
-72
247
-65
579
-39
2
176
-41
-11
-48
-36
-71
1832
-99
790
-63
-31
570
-62
555
618
313
153
128
-73
-22
-89
-35
-32
-45
-40
1280
39
-111
-108
658
799
-11
363
-40
-11
-48
-36
-71
1832
-99
790
-63
-31
570
-62
555
618
313
153
128
-73
-22
-89
-35
-32
-45
-40
1280
39
-111
-108
658
799
-11
363
-40
-7
-39
-32
-85
636
-90
964
-13
-37
588
-18
532
997
529
40
-41
-53
-39
-65
-28
-53
-44
-21
752
654
-101
-46
600
1277
173
270
-49
-7
-39
-32
-85
636
-90
964
-13
-37
588
-18
532
997
529
40
-41
-53
-39
-65
-28
-53
-44
-21
752
654
-101
-46
600
1277
173
270
-49
264
-35
-18
-50
125
-31
618
-9
-9
-33
123
465
-8
91
503
-106
-76
37
-12
71
-11
-38
209
636
696
-13
-35
48
731
115
361
-51
264
-35
-18
-50
125
-31
618
-9
-9
-33
123
465
-8
91
503
-106
-76
37
-12
71
-11
-38
209
636
696
-13
-35
48
731
115
361
-51
-22
64
-53
-25
361
-10
373
-31
435
-114
-33
211
-21
159
492
-77
-15
114
239
-33
490
138
-25
842
289
128
-96
-22
37
441
441
-54
-22
64
-53
-25
361
-10
373
-31
435
-114
-33
211
-21
159
492
-77
-15
114
239
-33
490
138
-25
842
289
128
-96
-22
37
441
441
-54
-10
309
-66
118
-54
-42
444
-50
617
-64
-36
266
-31
632
439
-118
-27
457
228
-44
-50
70
77
713
-14
222
-100
173
371
612
387
-37
-10
309
-66
118
-54
-42
444
-50
617
-64
-36
266
-31
632
439
-118
-27
457
228
-44
-50
70
77
713
-14
222
-100
173
371
612
387
-37
61
172
-40
208
-149
-36
290
-30
509
-14
-32
84
205
858
463
-82
-27
404
-2
-11
-45
-10
115
439
-7
549
-41
499
569
790
348
-43
61
172
-40
208
-149
-36
290
-30
509
-14
-32
84
205
858
463
-82
-27
404
-2
-11
-45
-10
115
439
-7
549
-41
499
569
790
348
-43
363
130
-12
304
-56
139
114
127
178
148
135
28
248
-7
475
-17
117
195
113
29
-19
-13
59
150
41
150
-20
318
56
463
280
-12
363
130
-12
304
-56
139
114
127
178
148
135
28
248
-7
475
-17
117
195
113
29
-19
-13
59
150
41
150
-20
318
56
463
280
-12
263
84
36
263
-59
221
82
-3
140
-2
-13
-17
14
-3
153
-8
307
205
177
70
1
-11
-3
130
66
-14
17
325
1
387
448
-11
263
84
36
263
-59
221
82
-3
140
-2
-13
-17
14
-3
153
-8
307
205
177
70
1
-11
-3
130
66
-14
17
325
1
387
448
-11
144
81
-15
183
-33
130
350
-13
188
104
-19
234
-36
-15
55
18
205
-4
135
26
215
-22
0
62
141
-3
30
-3
348
558
327
-27
144
81
-15
183
-33
130
350
-13
188
104
-19
234
-36
-15
55
18
205
-4
135
26
215
-22
0
62
141
-3
30
-3
348
558
327
-27
53
-16
-27
362
-46
307
474
163
477
223
-19
469
-8
120
570
-16
392
-1
81
313
-17
-25
-31
186
-19
-9
388
233
978
414
407
-41
53
-16
-27
362
-46
307
474
163
477
223
-19
469
-8
120
570
-16
392
-1
81
313
-17
-25
-31
186
-19
-9
388
233
978
414
407
-41
-1
-26
-42
-30
630
-5
212
148
298
129
-12
118
-27
-42
180
-29
133
1
-28
194
150
-12
54
-11
36
123
-13
183
233
19
131
-40
-1
-26
-42
-30
630
-5
212
148
298
129
-12
118
-27
-42
180
-29
133
1
-28
194
150
-12
54
-11
36
123
-13
183
233
19
131
-40
-3
-22
-36
-29
246
-15
-7
115
-3
96
-3
66
-6
-25
-6
-29
0
-10
-37
24
39
-39
-2
0
-26
-17
-7
264
-51
-10
111
-31
-3
-22
-36
-29
246
-15
-7
115
-3
96
-3
66
-6
-25
-6
-29
0
-10
-37
24
39
-39
-2
0
-26
-17
-7
264
-51
-10
111
-31
-37
-67
-58
-24
796
-72
89
58
-7
454
343
387
545
-57
-20
0
-33
-16
-105
139
-13
-54
-32
601
-39
-106
-17
512
-7
-21
271
-44
-37
-67
-58
-24
796
-72
89
58
-7
454
343
387
545
-57
-20
0
-33
-16
-105
139
-13
-54
-32
601
-39
-106
-17
512
-7
-21
271
-44
-26
-47
-28
-55
1443
-105
618
-13
-22
654
219
455
898
526
-26
112
-41
-25
-86
25
-41
-43
-11
1152
24
-144
-87
380
994
-9
356
-69
-26
-47
-28
-55
1443
-105
618
-13
-22
654
219
455
898
526
-26
112
-41
-25
-86
25
-41
-43
-11
1152
24
-144
-87
380
994
-9
356
-69
-2
-20
69
-58
-1
-60
411
57
51
367
84
570
633
291
105
-13
-26
-19
-34
-1
-28
-17
306
319
415
-49
-24
381
726
45
193
-41
-2
-20
69
-58
-1
-60
411
57
51
367
84
570
633
291
105
-13
-26
-19
-34
-1
-28
-17
306
319
415
-49
-24
381
726
45
193
-41
184
41
155
-30
-36
-21
257
-9
-8
-26
204
354
161
104
260
-30
-32
-3
-15
309
-12
204
62
105
450
14
-16
18
73
39
-2
-42
184
41
155
-30
-36
-21
257
-9
-8
-26
204
354
161
104
260
-30
-32
-3
-15
309
-12
204
62
105
450
14
-16
18
73
39
-2
-42
217
0
0
82
-15
-15
126
-7
135
-40
-2
99
-23
-5
6
-36
-22
157
233
-13
132
300
46
542
458
-20
-66
52
-11
-10
-6
-8
217
0
0
82
-15
-15
126
-7
135
-40
-2
99
-23
-5
6
-36
-22
157
233
-13
132
300
46
542
458
-20
-66
52
-11
-10
-6
-8
119
620
-35
529
-53
-20
63
-6
377
-40
-47
110
-36
-10
-8
-49
-12
328
-12
-35
-4
239
435
524
-18
101
-66
180
-24
1
30
198
119
620
-35
529
-53
-20
63
-6
377
-40
-47
110
-36
-10
-8
-49
-12
328
-12
-35
-4
239
435
524
-18
101
-66
180
-24
1
30
198
37
215
-4
336
-120
-11
230
506
312
86
-56
22
72
-3
-2
-41
-28
303
-24
-15
-9
34
261
130
-38
-5
-2
427
-29
38
-3
284
37
215
-4
336
-120
-11
230
506
312
86
-56
22
72
-3
-2
-41
-28
303
-24
-15
-9
34
261
130
-38
-5
-2
427
-29
38
-3
284
69
-1
-9
420
-60
37
224
518
-1
243
104
89
274
-18
212
-8
25
36
83
153
-1
-16
222
-8
-4
-8
85
296
-20
-7
-1
86
69
-1
-9
420
-60
37
224
518
-1
243
104
89
274
-18
212
-8
25
36
83
153
-1
-16
222
-8
-4
-8
85
296
-20
-7
-1
86
252
-14
21
202
-65
130
98
-11
105
68
24
43
-8
11
60
-8
283
27
47
196
-11
-19
152
-15
231
-18
151
123
-8
350
306
-10
252
-14
21
202
-65
130
98
-11
105
68
24
43
-8
11
60
-8
283
27
47
196
-11
-19
152
-15
231
-18
151
123
-8
350
306
-10
7
-9
-20
79
-35
192
259
-1
227
229
-1
259
-39
-7
109
-15
225
71
-16
190
92
-8
-19
34
189
220
-8
57
150
234
359
-14
7
-9
-20
79
-35
192
259
-1
227
229
-1
259
-39
-7
109
-15
225
71
-16
190
92
-8
-19
34
189
220
-8
57
150
234
359
-14
-2
-24
-10
316
-58
414
409
329
500
355
11
306
-20
-10
367
-9
146
7
16
302
-2
-24
-26
4
-7
222
410
-5
766
272
464
-27
-2
-24
-10
316
-58
414
409
329
500
355
11
306
-20
-10
367
-9
146
7
16
302
-2
-24
-26
4
-7
222
410
-5
766
272
464
-27
-1
-26
-42
-30
630
-5
212
148
298
129
-12
118
-27
-42
180
-29
133
1
-28
194
150
-12
54
-11
36
123
-13
183
233
19
131
-40
-1
-26
-42
-30
630
-5
212
148
298
129
-12
118
-27
-42
180
-29
133
1
-28
194
150
-12
54
-11
36
123
-13
183
233
19
131
-40
-3
-22
-36
-29
246
-15
-7
115
-3
96
-3
66
-6
-25
-6
-29
0
-10
-37
24
39
-39
-2
0
-26
-17
-7
264
-51
-10
111
-31
-3
-22
-36
-29
246
-15
-7
115
-3
96
-3
66
-6
-25
-6
-29
0
-10
-37
24
39
-39
-2
0
-26
-17
-7
264
-51
-10
111
-31
-37
-67
-58
-24
796
-72
89
58
-7
454
343
387
545
-57
-20
0
-33
-16
-105
139
-13
-54
-32
601
-39
-106
-17
512
-7
-21
271
-44
-37
-67
-58
-24
796
-72
89
58
-7
454
343
387
545
-57
-20
0
-33
-16
-105
139
-13
-54
-32
601
-39
-106
-17
512
-7
-21
271
-44
-26
-47
-28
-55
1443
-105
618
-13
-22
654
219
455
898
526
-26
112
-41
-25
-86
25
-41
-43
-11
1152
24
-144
-87
380
994
-9
356
-69
-26
-47
-28
-55
1443
-105
618
-13
-22
654
219
455
898
526
-26
112
-41
-25
-86
25
-41
-43
-11
1152
24
-144
-87
380
994
-9
356
-69
-2
-20
69
-58
-1
-60
411
57
51
367
84
570
633
291
105
-13
-26
-19
-34
-1
-28
-17
306
319
415
-49
-24
381
726
45
193
-41
-2
-20
69
-58
-1
-60
411
57
51
367
84
570
633
291
105
-13
-26
-19
-34
-1
-28
-17
306
319
415
-49
-24
381
726
45
193
-41
184
41
155
-30
-36
-21
257
-9
-8
-26
204
354
161
104
260
-30
-32
-3
-15
309
-12
204
62
105
450
14
-16
18
73
39
-2
-42
184
41
155
-30
-36
-21
257
-9
-8
-26
204
354
161
104
260
-30
-32
-3
-15
309
-12
204
62
105
450
14
-16
18
73
39
-2
-42
217
0
0
82
-15
-15
126
-7
135
-40
-2
99
-23
-5
6
-36
-22
157
233
-13
132
300
46
542
458
-20
-66
52
-11
-10
-6
-8
217
0
0
82
-15
-15
126
-7
135
-40
-2
99
-23
-5
6
-36
-22
157
233
-13
132
300
46
542
458
-20
-66
52
-11
-10
-6
-8
119
620
-35
529
-53
-20
63
-6
377
-40
-47
110
-36
-10
-8
-49
-12
328
-12
-35
-4
239
435
524
-18
101
-66
180
-24
1
30
198
119
620
-35
529
-53
-20
63
-6
377
-40
-47
110
-36
-10
-8
-49
-12
328
-12
-35
-4
239
435
524
-18
101
-66
180
-24
1
30
198
37
215
-4
336
-120
-11
230
506
312
86
-56
22
72
-3
-2
-41
-28
303
-24
-15
-9
34
261
130
-38
-5
-2
427
-29
38
-3
284
37
215
-4
336
-120
-11
230
506
312
86
-56
22
72
-3
-2
-41
-28
303
-24
-15
-9
34
261
130
-38
-5
-2
427
-29
38
-3
284
69
-1
-9
420
-60
37
224
518
-1
243
104
89
274
-18
212
-8
25
36
83
153
-1
-16
222
-8
-4
-8
85
296
-20
-7
-1
86
69
-1
-9
420
-60
37
224
518
-1
243
104
89
274
-18
212
-8
25
36
83
153
-1
-16
222
-8
-4
-8
85
296
-20
-7
-1
86
252
-14
21
202
-65
130
98
-11
105
68
24
43
-8
11
60
-8
283
27
47
196
-11
-19
152
-15
231
-18
151
123
-8
350
306
-10
252
-14
21
202
-65
130
98
-11
105
68
24
43
-8
11
60
-8
283
27
47
196
-11
-19
152
-15
231
-18
151
123
-8
350
306
-10
7
-9
-20
79
-35
192
259
-1
227
229
-1
259
-39
-7
109
-15
225
71
-16
190
92
-8
-19
34
189
220
-8
57
150
234
359
-14
7
-9
-20
79
-35
192
259
-1
227
229
-1
259
-39
-7
109
-15
225
71
-16
190
92
-8
-19
34
189
220
-8
57
150
234
359
-14
-2
-24
-10
316
-58
414
409
329
500
355
11
306
-20
-10
367
-9
146
7
16
302
-2
-24
-26
4
-7
222
410
-5
766
272
464
-27
-2
-24
-10
316
-58
414
409
329
500
355
11
306
-20
-10
367
-9
146
7
16
302
-2
-24
-26
4
-7
222
410
-5
766
272
464
-27
215
96
-55
-17
836
-22
363
598
508
400
128
18
-26
-38
182
-42
278
47
-51
270
-9
84
275
-4
-21
130
-15
-13
562
-15
110
-43
215
96
-55
-17
836
-22
363
598
508
400
128
18
-26
-38
182
-42
278
47
-51
270
-9
84
275
-4
-21
130
-15
-13
562
-15
110
-43
-2
-4
-45
-48
762
-48
353
677
188
392
45
-3
173
-12
0
-16
51
-10
-76
53
97
-30
166
113
-29
-34
-16
-23
-3
-21
167
-49
-2
-4
-45
-48
762
-48
353
677
188
392
45
-3
173
-12
0
-16
51
-10
-76
53
97
-30
166
113
-29
-34
-16
-23
-3
-21
167
-49
-31
-38
-50
-47
851
-72
405
-1
134
710
429
197
388
-23
-22
-25
-27
-10
-103
175
-4
-50
41
466
-33
-119
-39
-1
173
-34
374
-53
-31
-38
-50
-47
851
-72
405
-1
134
710
429
197
388
-23
-22
-25
-27
-10
-103
175
-4
-50
41
466
-33
-119
-39
-1
173
-34
374
-53
-22
-32
-5
-55
923
-67
814
-47
-8
351
280
543
647
920
-36
-35
-23
-4
-91
229
-35
-28
207
649
-7
-102
-60
82
416
-12
389
-70
-22
-32
-5
-55
923
-67
814
-47
-8
351
280
543
647
920
-36
-35
-23
-4
-91
229
-35
-28
207
649
-7
-102
-60
82
416
-12
389
-70
-30
65
90
-39
-26
-28
339
-22
46
-2
222
606
751
366
-9
-22
-7
-24
-53
312
-35
79
293
-4
218
-54
0
132
269
163
207
-57
-30
65
90
-39
-26
-28
339
-22
46
-2
222
606
751
366
-9
-22
-7
-24
-53
312
-35
79
293
-4
218
-54
0
132
269
163
207
-57
-12
261
-7
-46
-27
-12
66
-4
-15
-45
258
419
319
23
51
-10
18
0
-35
343
-25
113
-8
-17
266
-41
1
125
172
200
-8
-44
-12
261
-7
-46
-27
-12
66
-4
-15
-45
258
419
319
23
51
-10
18
0
-35
343
-25
113
-8
-17
266
-41
1
125
172
200
-8
-44
180
-14
-4
-20
-8
73
130
-14
-4
136
257
232
126
-5
203
-14
198
-9
-10
68
48
-10
-19
103
262
-31
-15
124
-1
80
-4
-28
180
-14
-4
-20
-8
73
130
-14
-4
136
257
232
126
-5
203
-14
198
-9
-10
68
48
-10
-19
103
262
-31
-15
124
-1
80
-4
-28
-2
-17
-3
-5
-35
60
-1
-11
-2
267
312
315
144
84
-6
-9
230
88
-26
-1
-10
6
-13
43
63
-25
-4
186
-21
16
96
-13
-2
-17
-3
-5
-35
60
-1
-11
-2
267
312
315
144
84
-6
-9
230
88
-26
-1
-10
6
-13
43
63
-25
-4
186
-21
16
96
-13
70
-16
58
-8
-54
120
144
55
127
300
120
359
297
121
33
-24
174
66
-19
-1
-9
77
65
-16
43
-8
125
268
-17
44
173
-6
70
-16
58
-8
-54
120
144
55
127
300
120
359
297
121
33
-24
174
66
-19
-1
-9
77
65
-16
43
-8
125
268
-17
44
173
-6
-8
-15
-7
25
-23
34
117
298
100
241
16
395
56
-1
218
-35
179
-14
-24
193
-10
-18
243
-29
-10
-2
246
68
11
101
167
-13
-8
-15
-7
25
-23
34
117
298
100
241
16
395
56
-1
218
-35
179
-14
-24
193
-10
-18
243
-29
-10
-2
246
68
11
101
167
-13
148
-33
-13
14
-20
-1
150
369
203
123
-12
97
-11
5
209
-17
277
51
-25
79
-2
-7
-11
-1
161
-8
76
29
180
273
327
-15
148
-33
-13
14
-20
-1
150
369
203
123
-12
97
-11
5
209
-17
277
51
-25
79
-2
-7
-11
-1
161
-8
76
29
180
273
327
-15
47
-31
-22
57
-25
92
222
466
330
176
-5
84
21
307
330
-21
321
153
-21
192
40
3
-24
129
13
304
67
64
389
197
451
-28
47
-31
-22
57
-25
92
222
466
330
176
-5
84
21
307
330
-21
321
153
-21
192
40
3
-24
129
13
304
67
64
389
197
451
-28
39
-44
-25
169
-54
327
446
522
522
279
-16
257
-7
33
277
-15
146
54
-15
278
2
-27
-19
81
32
240
620
-18
948
326
454
-26
39
-44
-25
169
-54
327
446
522
522
279
-16
257
-7
33
277
-15
146
54
-15
278
2
-27
-19
81
32
240
620
-18
948
326
454
-26
215
96
-55
-17
836
-22
363
598
508
400
128
18
-26
-38
182
-42
278
47
-51
270
-9
84
275
-4
-21
130
-15
-13
562
-15
110
-43
215
96
-55
-17
836
-22
363
598
508
400
128
18
-26
-38
182
-42
278
47
-51
270
-9
84
275
-4
-21
130
-15
-13
562
-15
110
-43
-2
-4
-45
-48
762
-48
353
677
188
392
45
-3
173
-12
0
-16
51
-10
-76
53
97
-30
166
113
-29
-34
-16
-23
-3
-21
167
-49
-2
-4
-45
-48
762
-48
353
677
188
392
45
-3
173
-12
0
-16
51
-10
-76
53
97
-30
166
113
-29
-34
-16
-23
-3
-21
167
-49
-31
-38
-50
-47
851
-72
405
-1
134
710
429
197
388
-23
-22
-25
-27
-10
-103
175
-4
-50
41
466
-33
-119
-39
-1
173
-34
374
-53
-31
-38
-50
-47
851
-72
405
-1
134
710
429
197
388
-23
-22
-25
-27
-10
-103
175
-4
-50
41
466
-33
-119
-39
-1
173
-34
374
-53
-22
-32
-5
-55
923
-67
814
-47
-8
351
280
543
647
920
-36
-35
-23
-4
-91
229
-35
-28
207
649
-7
-102
-60
82
416
-12
389
-70
-22
-32
-5
-55
923
-67
814
-47
-8
351
280
543
647
920
-36
-35
-23
-4
-91
229
-35
-28
207
649
-7
-102
-60
82
416
-12
389
-70
-30
65
90
-39
-26
-28
339
-22
46
-2
222
606
751
366
-9
-22
-7
-24
-53
312
-35
79
293
-4
218
-54
0
132
269
163
207
-57
-30
65
90
-39
-26
-28
339
-22
46
-2
222
606
751
366
-9
-22
-7
-24
-53
312
-35
79
293
-4
218
-54
0
132
269
163
207
-57
-12
261
-7
-46
-27
-12
66
-4
-15
-45
258
419
319
23
51
-10
18
0
-35
343
-25
113
-8
-17
266
-41
1
125
172
200
-8
-44
-12
261
-7
-46
-27
-12
66
-4
-15
-45
258
419
319
23
51
-10
18
0
-35
343
-25
113
-8
-17
266
-41
1
125
172
200
-8
-44
180
-14
-4
-20
-8
73
130
-14
-4
136
257
232
126
-5
203
-14
198
-9
-10
68
48
-10
-19
103
262
-31
-15
124
-1
80
-4
-28
180
-14
-4
-20
-8
73
130
-14
-4
136
257
232
126
-5
203
-14
198
-9
-10
68
48
-10
-19
103
262
-31
-15
124
-1
80
-4
-28
-2
-17
-3
-5
-35
60
-1
-11
-2
267
312
315
144
84
-6
-9
230
88
-26
-1
-10
6
-13
43
63
-25
-4
186
-21
16
96
-13
-2
-17
-3
-5
-35
60
-1
-11
-2
267
312
315
144
84
-6
-9
230
88
-26
-1
-10
6
-13
43
63
-25
-4
186
-21
16
96
-13
70
-16
58
-8
-54
120
144
55
127
300
120
359
297
121
33
-24
174
66
-19
-1
-9
77
65
-16
43
-8
125
268
-17
44
173
-6
70
-16
58
-8
-54
120
144
55
127
300
120
359
297
121
33
-24
174
66
-19
-1
-9
77
65
-16
43
-8
125
268
-17
44
173
-6
-8
-15
-7
25
-23
34
117
298
100
241
16
395
56
-1
218
-35
179
-14
-24
193
-10
-18
243
-29
-10
-2
246
68
11
101
167
-13
-8
-15
-7
25
-23
34
117
298
100
241
16
395
56
-1
218
-35
179
-14
-24
193
-10
-18
243
-29
-10
-2
246
68
11
101
167
-13
148
-33
-13
14
-20
-1
150
369
203
123
-12
97
-11
5
209
-17
277
51
-25
79
-2
-7
-11
-1
161
-8
76
29
180
273
327
-15
148
-33
-13
14
-20
-1
150
369
203
123
-12
97
-11
5
209
-17
277
51
-25
79
-2
-7
-11
-1
161
-8
76
29
180
273
327
-15
47
-31
-22
57
-25
92
222
466
330
176
-5
84
21
307
330
-21
321
153
-21
192
40
3
-24
129
13
304
67
64
389
197
451
-28
47
-31
-22
57
-25
92
222
466
330
176
-5
84
21
307
330
-21
321
153
-21
192
40
3
-24
129
13
304
67
64
389
197
451
-28
39
-44
-25
169
-54
327
446
522
522
279
-16
257
-7
33
277
-15
146
54
-15
278
2
-27
-19
81
32
240
620
-18
948
326
454
-26
39
-44
-25
169
-54
327
446
522
522
279
-16
257
-7
33
277
-15
146
54
-15
278
2
-27
-19
81
32
240
620
-18
948
326
454
-26
82
-17
-32
24
-15
-10
-3
413
270
22
198
178
-62
-48
111
-36
433
-8
-39
477
-8
149
30
-23
-40
318
-13
20
115
-1
-21
-51
82
-17
-32
24
-15
-10
-3
413
270
22
198
178
-62
-48
111
-36
433
-8
-39
477
-8
149
30
-23
-40
318
-13
20
115
-1
-21
-51
-12
-20
-23
-20
-27
-28
-6
637
320
86
-3
19
-67
-16
174
-23
277
-10
-61
-5
238
-33
38
131
-46
86
-27
-24
-25
-2
-16
-55
-12
-20
-23
-20
-27
-28
-6
637
320
86
-3
19
-67
-16
174
-23
277
-10
-61
-5
238
-33
38
131
-46
86
-27
-24
-25
-2
-16
-55
-1
-18
-8
-5
-9
-31
254
544
455
411
144
41
-17
-29
60
-13
168
-2
-98
-7
-3
-30
86
90
-34
-55
-31
-14
-38
-12
67
-39
-1
-18
-8
-5
-9
-31
254
544
455
411
144
41
-17
-29
60
-13
168
-2
-98
-7
-3
-30
86
90
-34
-55
-31
-14
-38
-12
67
-39
96
182
8
-25
-12
-23
169
240
195
0
285
336
-27
185
-14
-45
382
13
-66
161
23
-5
433
90
-7
-31
-42
-28
-47
-10
137
-37
96
182
8
-25
-12
-23
169
240
195
0
285
336
-27
185
-14
-45
382
13
-66
161
23
-5
433
90
-7
-31
-42
-28
-47
-10
137
-37
-10
136
-18
-25
-37
-7
90
424
77
-10
44
215
76
-16
63
-38
364
-9
-58
263
13
89
158
-15
-4
-56
-1
-5
-18
39
102
-42
-10
136
-18
-25
-37
-7
90
424
77
-10
44
215
76
-16
63
-38
364
-9
-58
263
13
89
158
-15
-4
-56
-1
-5
-18
39
102
-42
45
50
-12
-16
-5
-3
34
414
-1
-20
164
255
92
-34
135
-14
336
-10
-51
222
-4
211
-8
-16
63
-44
-8
147
-13
21
-14
-37
45
50
-12
-16
-5
-3
34
414
-1
-20
164
255
92
-34
135
-14
336
-10
-51
222
-4
211
-8
-16
63
-44
-8
147
-13
21
-14
-37
-13
-14
73
-12
-33
207
-12
102
-8
-12
44
137
-9
-18
69
-13
467
-14
-35
151
-4
191
-47
-20
4
-23
-16
199
-17
58
-17
-40
-13
-14
73
-12
-33
207
-12
102
-8
-12
44
137
-9
-18
69
-13
467
-14
-35
151
-4
191
-47
-20
4
-23
-16
199
-17
58
-17
-40
-26
-36
5
-2
-44
71
-25
153
-4
20
35
239
150
-12
58
-9
377
-13
-36
49
76
97
-49
-19
-8
-9
-2
229
-12
2
-12
-37
-26
-36
5
-2
-44
71
-25
153
-4
20
35
239
150
-12
58
-9
377
-13
-36
49
76
97
-49
-19
-8
-9
-2
229
-12
2
-12
-37
-16
-29
14
-11
-46
138
-17
258
-2
105
167
257
58
-2
49
-9
395
-10
-34
18
98
32
-50
-25
-19
-9
-1
173
-13
48
-8
-34
-16
-29
14
-11
-46
138
-17
258
-2
105
167
257
58
-2
49
-9
395
-10
-34
18
98
32
-50
-25
-19
-9
-1
173
-13
48
-8
-34
-12
-19
-10
-5
-39
4
-10
407
-1
63
147
311
-17
-15
136
-26
366
-3
-44
262
91
-12
-22
-29
-29
-7
94
106
-10
89
-4
-38
-12
-19
-10
-5
-39
4
-10
407
-1
63
147
311
-17
-15
136
-26
366
-3
-44
262
91
-12
-22
-29
-29
-7
94
106
-10
89
-4
-38
-12
-24
-21
-6
-70
28
0
549
154
111
-11
140
-26
100
189
-40
390
23
-30
191
122
-4
-7
-10
-14
57
72
230
-5
148
147
-30
-12
-24
-21
-6
-70
28
0
549
154
111
-11
140
-26
100
189
-40
390
23
-30
191
122
-4
-7
-10
-14
57
72
230
-5
148
147
-30
-5
-31
-28
97
-89
142
84
525
255
130
-1
224
-34
397
204
-47
350
117
-25
180
-2
-2
-5
61
-16
224
-3
233
74
144
247
-36
-5
-31
-28
97
-89
142
84
525
255
130
-1
224
-34
397
204
-47
350
117
-25
180
-2
-2
-5
61
-16
224
-3
233
74
144
247
-36
35
-44
-31
212
-115
154
452
598
503
173
64
282
-42
24
190
-16
108
151
-32
331
-10
-34
-21
7
-2
340
512
-4
443
189
124
-38
35
-44
-31
212
-115
154
452
598
503
173
64
282
-42
24
190
-16
108
151
-32
331
-10
-34
-21
7
-2
340
512
-4
443
189
124
-38
82
-17
-32
24
-15
-10
-3
413
270
22
198
178
-62
-48
111
-36
433
-8
-39
477
-8
149
30
-23
-40
318
-13
20
115
-1
-21
-51
82
-17
-32
24
-15
-10
-3
413
270
22
198
178
-62
-48
111
-36
433
-8
-39
477
-8
149
30
-23
-40
318
-13
20
115
-1
-21
-51
-12
-20
-23
-20
-27
-28
-6
637
320
86
-3
19
-67
-16
174
-23
277
-10
-61
-5
238
-33
38
131
-46
86
-27
-24
-25
-2
-16
-55
-12
-20
-23
-20
-27
-28
-6
637
320
86
-3
19
-67
-16
174
-23
277
-10
-61
-5
238
-33
38
131
-46
86
-27
-24
-25
-2
-16
-55
-1
-18
-8
-5
-9
-31
254
544
455
411
144
41
-17
-29
60
-13
168
-2
-98
-7
-3
-30
86
90
-34
-55
-31
-14
-38
-12
67
-39
-1
-18
-8
-5
-9
-31
254
544
455
411
144
41
-17
-29
60
-13
168
-2
-98
-7
-3
-30
86
90
-34
-55
-31
-14
-38
-12
67
-39
96
182
8
-25
-12
-23
169
240
195
0
285
336
-27
185
-14
-45
382
13
-66
161
23
-5
433
90
-7
-31
-42
-28
-47
-10
137
-37
96
182
8
-25
-12
-23
169
240
195
0
285
336
-27
185
-14
-45
382
13
-66
161
23
-5
433
90
-7
-31
-42
-28
-47
-10
137
-37
-10
136
-18
-25
-37
-7
90
424
77
-10
44
215
76
-16
63
-38
364
-9
-58
263
13
89
158
-15
-4
-56
-1
-5
-18
39
102
-42
-10
136
-18
-25
-37
-7
90
424
77
-10
44
215
76
-16
63
-38
364
-9
-58
263
13
89
158
-15
-4
-56
-1
-5
-18
39
102
-42
45
50
-12
-16
-5
-3
34
414
-1
-20
164
255
92
-34
135
-14
336
-10
-51
222
-4
211
-8
-16
63
-44
-8
147
-13
21
-14
-37
45
50
-12
-16
-5
-3
34
414
-1
-20
164
255
92
-34
135
-14
336
-10
-51
222
-4
211
-8
-16
63
-44
-8
147
-13
21
-14
-37
-13
-14
73
-12
-33
207
-12
102
-8
-12
44
137
-9
-18
69
-13
467
-14
-35
151
-4
191
-47
-20
4
-23
-16
199
-17
58
-17
-40
-13
-14
73
-12
-33
207
-12
102
-8
-12
44
137
-9
-18
69
-13
467
-14
-35
151
-4
191
-47
-20
4
-23
-16
199
-17
58
-17
-40
-26
-36
5
-2
-44
71
-25
153
-4
20
35
239
150
-12
58
-9
377
-13
-36
49
76
97
-49
-19
-8
-9
-2
229
-12
2
-12
-37
-26
-36
5
-2
-44
71
-25
153
-4
20
35
239
150
-12
58
-9
377
-13
-36
49
76
97
-49
-19
-8
-9
-2
229
-12
2
-12
-37
-16
-29
14
-11
-46
138
-17
258
-2
105
167
257
58
-2
49
-9
395
-10
-34
18
98
32
-50
-25
-19
-9
-1
173
-13
48
-8
-34
-16
-29
14
-11
-46
138
-17
258
-2
105
167
257
58
-2
49
-9
395
-10
-34
18
98
32
-50
-25
-19
-9
-1
173
-13
48
-8
-34
-12
-19
-10
-5
-39
4
-10
407
-1
63
147
311
-17
-15
136
-26
366
-3
-44
262
91
-12
-22
-29
-29
-7
94
106
-10
89
-4
-38
-12
-19
-10
-5
-39
4
-10
407
-1
63
147
311
-17
-15
136
-26
366
-3
-44
262
91
-12
-22
-29
-29
-7
94
106
-10
89
-4
-38
-12
-24
-21
-6
-70
28
0
549
154
111
-11
140
-26
100
189
-40
390
23
-30
191
122
-4
-7
-10
-14
57
72
230
-5
148
147
-30
-12
-24
-21
-6
-70
28
0
549
154
111
-11
140
-26
100
189
-40
390
23
-30
191
122
-4
-7
-10
-14
57
72
230
-5
148
147
-30
-5
-31
-28
97
-89
142
84
525
255
130
-1
224
-34
397
204
-47
350
117
-25
180
-2
-2
-5
61
-16
224
-3
233
74
144
247
-36
-5
-31
-28
97
-89
142
84
525
255
130
-1
224
-34
397
204
-47
350
117
-25
180
-2
-2
-5
61
-16
224
-3
233
74
144
247
-36
35
-44
-31
212
-115
154
452
598
503
173
64
282
-42
24
190
-16
108
151
-32
331
-10
-34
-21
7
-2
340
512
-4
443
189
124
-38
35
-44
-31
212
-115
154
452
598
503
173
64
282
-42
24
190
-16
108
151
-32
331
-10
-34
-21
7
-2
340
512
-4
443
189
124
-38
244
0
-7
242
-26
22
144
205
-10
-2
366
180
-43
-30
333
-20
311
21
-23
581
-18
200
38
-16
-29
215
75
106
-4
299
-8
-34
244
0
-7
242
-26
22
144
205
-10
-2
366
180
-43
-30
333
-20
311
21
-23
581
-18
200
38
-16
-29
215
75
106
-4
299
-8
-34
-1
83
-12
-24
-16
148
-12
178
58
-7
36
12
-49
-16
273
-28
352
-28
-44
284
-4
-19
52
18
-39
-12
-2
-14
-36
304
-3
-41
-1
83
-12
-24
-16
148
-12
178
58
-7
36
12
-49
-16
273
-28
352
-28
-44
284
-4
-19
52
18
-39
-12
-2
-14
-36
304
-3
-41
46
287
-3
4
-25
60
164
294
252
254
-6
-12
-49
-44
249
-7
232
-23
-76
199
-8
-28
-2
104
-36
-20
147
-17
-39
187
-7
-40
46
287
-3
4
-25
60
164
294
252
254
-6
-12
-49
-44
249
-7
232
-23
-76
199
-8
-28
-2
104
-36
-20
147
-17
-39
187
-7
-40
291
145
23
-3
-40
65
346
386
400
255
23
-24
-25
-26
18
-24
199
-2
-65
167
79
45
-7
54
-36
-39
155
-15
-48
49
-9
-32
291
145
23
-3
-40
65
346
386
400
255
23
-24
-25
-26
18
-24
199
-2
-65
167
79
45
-7
54
-36
-39
155
-15
-48
49
-9
-32
234
286
-16
-2
-36
132
251
508
201
221
71
-11
-7
-28
41
-23
240
-6
-76
204
8
80
-4
-4
-24
-38
196
28
-45
98
-10
-37
234
286
-16
-2
-36
132
251
508
201
221
71
-11
-7
-28
41
-23
240
-6
-76
204
8
80
-4
-4
-24
-38
196
28
-45
98
-10
-37
226
225
-8
1
-22
243
146
399
154
188
172
-5
-1
-21
160
-13
299
-18
-62
349
-8
185
0
-19
-18
-33
105
130
-44
232
-10
-35
226
225
-8
1
-22
243
146
399
154
188
172
-5
-1
-21
160
-13
299
-18
-62
349
-8
185
0
-19
-18
-33
105
130
-44
232
-10
-35
164
185
-3
110
-17
355
103
99
56
39
-22
89
7
-6
-2
-16
428
-10
-25
-10
-8
205
-17
-16
-9
-14
42
164
-38
215
-12
-23
164
185
-3
110
-17
355
103
99
56
39
-22
89
7
-6
-2
-16
428
-10
-25
-10
-8
205
-17
-16
-9
-14
42
164
-38
215
-12
-23
22
173
49
148
-16
375
159
164
107
23
-30
122
108
-5
-3
-9
342
-10
-20
-24
-9
156
-25
-21
-19
-18
121
132
-33
130
-15
-17
22
173
49
148
-16
375
159
164
107
23
-30
122
108
-5
-3
-9
342
-10
-20
-24
-9
156
-25
-21
-19
-18
121
132
-33
130
-15
-17
-7
113
153
171
-25
331
163
251
41
17
-28
61
100
1
-8
-3
405
-15
-25
-18
-1
69
-37
-31
-19
-20
280
32
-31
191
-17
-15
-7
113
153
171
-25
331
163
251
41
17
-28
61
100
1
-8
-3
405
-15
-25
-18
-1
69
-37
-31
-19
-20
280
32
-31
191
-17
-15
52
47
2
212
-37
279
51
210
44
-1
-5
171
-1
-20
-2
-13
343
111
-28
32
-14
53
-16
-30
-13
-9
316
4
-31
158
-7
-22
52
47
2
212
-37
279
51
210
44
-1
-5
171
-1
-20
-2
-13
343
111
-28
32
-14
53
-16
-30
-13
-9
316
4
-31
158
-7
-22
-10
-25
-17
204
-71
217
25
369
81
116
-7
208
-24
137
107
-24
387
67
-39
266
-28
-1
27
-32
-26
-8
348
100
-35
333
130
-34
-10
-25
-17
204
-71
217
25
369
81
116
-7
208
-24
137
107
-24
387
67
-39
266
-28
-1
27
-32
-26
-8
348
100
-35
333
130
-34
-16
-21
-34
350
-97
212
199
259
200
149
-14
443
-43
365
281
-35
297
-4
-59
467
-31
0
-2
-28
-36
40
284
112
-20
261
186
-29
-16
-21
-34
350
-97
212
199
259
200
149
-14
443
-43
365
281
-35
297
-4
-59
467
-31
0
-2
-28
-36
40
284
112
-20
261
186
-29
74
-11
-24
382
-91
319
485
334
364
261
122
326
-32
-15
439
-16
40
107
-41
542
-36
-12
-22
144
-18
363
601
-34
19
186
218
-34
74
-11
-24
382
-91
319
485
334
364
261
122
326
-32
-15
439
-16
40
107
-41
542
-36
-12
-22
144
-18
363
601
-34
19
186
218
-34
244
0
-7
242
-26
22
144
205
-10
-2
366
180
-43
-30
333
-20
311
21
-23
581
-18
200
38
-16
-29
215
75
106
-4
299
-8
-34
244
0
-7
242
-26
22
144
205
-10
-2
366
180
-43
-30
333
-20
311
21
-23
581
-18
200
38
-16
-29
215
75
106
-4
299
-8
-34
-1
83
-12
-24
-16
148
-12
178
58
-7
36
12
-49
-16
273
-28
352
-28
-44
284
-4
-19
52
18
-39
-12
-2
-14
-36
304
-3
-41
-1
83
-12
-24
-16
148
-12
178
58
-7
36
12
-49
-16
273
-28
352
-28
-44
284
-4
-19
52
18
-39
-12
-2
-14
-36
304
-3
-41
46
287
-3
4
-25
60
164
294
252
254
-6
-12
-49
-44
249
-7
232
-23
-76
199
-8
-28
-2
104
-36
-20
147
-17
-39
187
-7
-40
46
287
-3
4
-25
60
164
294
252
254
-6
-12
-49
-44
249
-7
232
-23
-76
199
-8
-28
-2
104
-36
-20
147
-17
-39
187
-7
-40
291
145
23
-3
-40
65
346
386
400
255
23
-24
-25
-26
18
-24
199
-2
-65
167
79
45
-7
54
-36
-39
155
-15
-48
49
-9
-32
291
145
23
-3
-40
65
346
386
400
255
23
-24
-25
-26
18
-24
199
-2
-65
167
79
45
-7
54
-36
-39
155
-15
-48
49
-9
-32
234
286
-16
-2
-36
132
251
508
201
221
71
-11
-7
-28
41
-23
240
-6
-76
204
8
80
-4
-4
-24
-38
196
28
-45
98
-10
-37
234
286
-16
-2
-36
132
251
508
201
221
71
-11
-7
-28
41
-23
240
-6
-76
204
8
80
-4
-4
-24
-38
196
28
-45
98
-10
-37
226
225
-8
1
-22
243
146
399
154
188
172
-5
-1
-21
160
-13
299
-18
-62
349
-8
185
0
-19
-18
-33
105
130
-44
232
-10
-35
226
225
-8
1
-22
243
146
399
154
188
172
-5
-1
-21
160
-13
299
-18
-62
349
-8
185
0
-19
-18
-33
105
130
-44
232
-10
-35
164
185
-3
110
-17
355
103
99
56
39
-22
89
7
-6
-2
-16
428
-10
-25
-10
-8
205
-17
-16
-9
-14
42
164
-38
215
-12
-23
164
185
-3
110
-17
355
103
99
56
39
-22
89
7
-6
-2
-16
428
-10
-25
-10
-8
205
-17
-16
-9
-14
42
164
-38
215
-12
-23
22
173
49
148
-16
375
159
164
107
23
-30
122
108
-5
-3
-9
342
-10
-20
-24
-9
156
-25
-21
-19
-18
121
132
-33
130
-15
-17
22
173
49
148
-16
375
159
164
107
23
-30
122
108
-5
-3
-9
342
-10
-20
-24
-9
156
-25
-21
-19
-18
121
132
-33
130
-15
-17
-7
113
153
171
-25
331
163
251
41
17
-28
61
100
1
-8
-3
405
-15
-25
-18
-1
69
-37
-31
-19
-20
280
32
-31
191
-17
-15
-7
113
153
171
-25
331
163
251
41
17
-28
61
100
1
-8
-3
405
-15
-25
-18
-1
69
-37
-31
-19
-20
280
32
-31
191
-17
-15
52
47
2
212
-37
279
51
210
44
-1
-5
171
-1
-20
-2
-13
343
111
-28
32
-14
53
-16
-30
-13
-9
316
4
-31
158
-7
-22
52
47
2
212
-37
279
51
210
44
-1
-5
171
-1
-20
-2
-13
343
111
-28
32
-14
53
-16
-30
-13
-9
316
4
-31
158
-7
-22
-10
-25
-17
204
-71
217
25
369
81
116
-7
208
-24
137
107
-24
387
67
-39
266
-28
-1
27
-32
-26
-8
348
100
-35
333
130
-34
-10
-25
-17
204
-71
217
25
369
81
116
-7
208
-24
137
107
-24
387
67
-39
266
-28
-1
27
-32
-26
-8
348
100
-35
333
130
-34
-16
-21
-34
350
-97
212
199
259
200
149
-14
443
-43
365
281
-35
297
-4
-59
467
-31
0
-2
-28
-36
40
284
112
-20
261
186
-29
-16
-21
-34
350
-97
212
199
259
200
149
-14
443
-43
365
281
-35
297
-4
-59
467
-31
0
-2
-28
-36
40
284
112
-20
261
186
-29
74
-11
-24
382
-91
319
485
334
364
261
122
326
-32
-15
439
-16
40
107
-41
542
-36
-12
-22
144
-18
363
601
-34
19
186
218
-34
74
-11
-24
382
-91
319
485
334
364
261
122
326
-32
-15
439
-16
40
107
-41
542
-36
-12
-22
144
-18
363
601
-34
19
186
218
-34
260
144
145
318
160
237
161
249
-7
260
643
265
-22
-22
201
172
184
114
-1
291
123
248
-33
106
298
-14
199
375
187
165
-5
-25
260
144
145
318
160
237
161
249
-7
260
643
265
-22
-22
201
172
184
114
-1
291
123
248
-33
106
298
-14
199
375
187
165
-5
-25
294
281
11
-9
19
370
-21
219
-1
201
184
163
-6
-3
198
-8
85
122
120
165
265
190
135
417
70
-6
61
144
-12
28
16
-19
294
281
11
-9
19
370
-21
219
-1
201
184
163
-6
-3
198
-8
85
122
120
165
265
190
135
417
70
-6
61
144
-12
28
16
-19
273
94
245
341
-16
485
-25
271
102
420
192
65
-4
-19
375
-4
259
167
49
295
247
179
179
438
113
-4
126
304
-16
186
147
-18
273
94
245
341
-16
485
-25
271
102
420
192
65
-4
-19
375
-4
259
167
49
295
247
179
179
438
113
-4
126
304
-16
186
147
-18
291
17
332
252
-9
473
-25
339
184
473
95
-6
342
46
389
39
367
135
-8
322
263
232
-1
521
71
-24
246
418
-19
215
93
-31
291
17
332
252
-9
473
-25
339
184
473
95
-6
342
46
389
39
367
135
-8
322
263
232
-1
521
71
-24
246
418
-19
215
93
-31
272
208
356
425
-17
419
-36
235
0
404
212
-6
441
159
150
256
271
172
-9
272
208
232
-12
335
197
-35
348
451
-30
277
-2
-21
272
208
356
425
-17
419
-36
235
0
404
212
-6
441
159
150
256
271
172
-9
272
208
232
-12
335
197
-35
348
451
-30
277
-2
-21
199
139
267
486
-22
177
-33
209
-10
224
191
-7
385
186
-2
460
1
208
-9
172
72
195
-29
217
239
-38
283
374
-25
289
-9
-7
199
139
267
486
-22
177
-33
209
-10
224
191
-7
385
186
-2
460
1
208
-9
172
72
195
-29
217
239
-38
283
374
-25
289
-9
-7
213
241
263
651
-13
75
-18
279
-20
75
18
-17
343
218
-23
312
-11
315
146
-15
-19
226
-15
262
195
-9
286
174
-20
102
-25
219
213
241
263
651
-13
75
-18
279
-20
75
18
-17
343
218
-23
312
-11
315
146
-15
-19
226
-15
262
195
-9
286
174
-20
102
-25
219
161
268
198
662
-5
38
-12
204
-17
27
-12
-16
304
203
-27
248
-10
342
166
-18
-36
296
-9
264
27
-1
332
34
-18
83
-25
234
161
268
198
662
-5
38
-12
204
-17
27
-12
-16
304
203
-27
248
-10
342
166
-18
-36
296
-9
264
27
-1
332
34
-18
83
-25
234
142
190
263
706
-6
79
-7
94
-19
161
-19
-15
266
230
-33
150
-14
307
110
-27
-40
240
-17
206
25
-11
331
0
-21
56
-24
216
142
190
263
706
-6
79
-7
94
-19
161
-19
-15
266
230
-33
150
-14
307
110
-27
-40
240
-17
206
25
-11
331
0
-21
56
-24
216
179
138
226
611
-23
126
-7
-6
-1
225
-4
7
151
166
-22
14
-15
301
110
-10
-35
158
-10
143
103
-19
351
-5
-20
122
-13
67
179
138
226
611
-23
126
-7
-6
-1
225
-4
7
151
166
-22
14
-15
301
110
-10
-35
158
-10
143
103
-19
351
-5
-20
122
-13
67
150
-15
63
926
-2
188
0
-26
-1
476
-7
220
45
415
142
-5
119
208
-6
10
-12
150
-31
312
27
22
289
-8
0
356
222
46
150
-15
63
926
-2
188
0
-26
-1
476
-7
220
45
415
142
-5
119
208
-6
10
-12
150
-31
312
27
22
289
-8
0
356
222
46
-11
-12
85
807
-22
-5
15
-39
119
570
-37
554
20
455
434
44
91
319
-40
-1
-26
259
-54
197
-40
204
565
-13
168
371
268
15
-11
-12
85
807
-22
-5
15
-39
119
570
-37
554
20
455
434
44
91
319
-40
-1
-26
259
-54
197
-40
204
565
-13
168
371
268
15
-11
-2
106
733
-18
62
163
-4
264
435
302
314
212
-29
509
335
-11
260
-12
338
-14
308
-58
207
-26
152
756
-38
433
-10
219
-31
-11
-2
106
733
-18
62
163
-4
264
435
302
314
212
-29
509
335
-11
260
-12
338
-14
308
-58
207
-26
152
756
-38
433
-10
219
-31
260
144
145
318
160
237
161
249
-7
260
643
265
-22
-22
201
172
184
114
-1
291
123
248
-33
106
298
-14
199
375
187
165
-5
-25
260
144
145
318
160
237
161
249
-7
260
643
265
-22
-22
201
172
184
114
-1
291
123
248
-33
106
298
-14
199
375
187
165
-5
-25
294
281
11
-9
19
370
-21
219
-1
201
184
163
-6
-3
198
-8
85
122
120
165
265
190
135
417
70
-6
61
144
-12
28
16
-19
294
281
11
-9
19
370
-21
219
-1
201
184
163
-6
-3
198
-8
85
122
120
165
265
190
135
417
70
-6
61
144
-12
28
16
-19
273
94
245
341
-16
485
-25
271
102
420
192
65
-4
-19
375
-4
259
167
49
295
247
179
179
438
113
-4
126
304
-16
186
147
-18
273
94
245
341
-16
485
-25
271
102
420
192
65
-4
-19
375
-4
259
167
49
295
247
179
179
438
113
-4
126
304
-16
186
147
-18
291
17
332
252
-9
473
-25
339
184
473
95
-6
342
46
389
39
367
135
-8
322
263
232
-1
521
71
-24
246
418
-19
215
93
-31
291
17
332
252
-9
473
-25
339
184
473
95
-6
342
46
389
39
367
135
-8
322
263
232
-1
521
71
-24
246
418
-19
215
93
-31
272
208
356
425
-17
419
-36
235
0
404
212
-6
441
159
150
256
271
172
-9
272
208
232
-12
335
197
-35
348
451
-30
277
-2
-21
272
208
356
425
-17
419
-36
235
0
404
212
-6
441
159
150
256
271
172
-9
272
208
232
-12
335
197
-35
348
451
-30
277
-2
-21
199
139
267
486
-22
177
-33
209
-10
224
191
-7
385
186
-2
460
1
208
-9
172
72
195
-29
217
239
-38
283
374
-25
289
-9
-7
199
139
267
486
-22
177
-33
209
-10
224
191
-7
385
186
-2
460
1
208
-9
172
72
195
-29
217
239
-38
283
374
-25
289
-9
-7
213
241
263
651
-13
75
-18
279
-20
75
18
-17
343
218
-23
312
-11
315
146
-15
-19
226
-15
262
195
-9
286
174
-20
102
-25
219
213
241
263
651
-13
75
-18
279
-20
75
18
-17
343
218
-23
312
-11
315
146
-15
-19
226
-15
262
195
-9
286
174
-20
102
-25
219
161
268
198
662
-5
38
-12
204
-17
27
-12
-16
304
203
-27
248
-10
342
166
-18
-36
296
-9
264
27
-1
332
34
-18
83
-25
234
161
268
198
662
-5
38
-12
204
-17
27
-12
-16
304
203
-27
248
-10
342
166
-18
-36
296
-9
264
27
-1
332
34
-18
83
-25
234
142
190
263
706
-6
79
-7
94
-19
161
-19
-15
266
230
-33
150
-14
307
110
-27
-40
240
-17
206
25
-11
331
0
-21
56
-24
216
142
190
263
706
-6
79
-7
94
-19
161
-19
-15
266
230
-33
150
-14
307
110
-27
-40
240
-17
206
25
-11
331
0
-21
56
-24
216
179
138
226
611
-23
126
-7
-6
-1
225
-4
7
151
166
-22
14
-15
301
110
-10
-35
158
-10
143
103
-19
351
-5
-20
122
-13
67
179
138
226
611
-23
126
-7
-6
-1
225
-4
7
151
166
-22
14
-15
301
110
-10
-35
158
-10
143
103
-19
351
-5
-20
122
-13
67
150
-15
63
926
-2
188
0
-26
-1
476
-7
220
45
415
142
-5
119
208
-6
10
-12
150
-31
312
27
22
289
-8
0
356
222
46
150
-15
63
926
-2
188
0
-26
-1
476
-7
220
45
415
142
-5
119
208
-6
10
-12
150
-31
312
27
22
289
-8
0
356
222
46
-11
-12
85
807
-22
-5
15
-39
119
570
-37
554
20
455
434
44
91
319
-40
-1
-26
259
-54
197
-40
204
565
-13
168
371
268
15
-11
-12
85
807
-22
-5
15
-39
119
570
-37
554
20
455
434
44
91
319
-40
-1
-26
259
-54
197
-40
204
565
-13
168
371
268
15
-11
-2
106
733
-18
62
163
-4
264
435
302
314
212
-29
509
335
-11
260
-12
338
-14
308
-58
207
-26
152
756
-38
433
-10
219
-31
-11
-2
106
733
-18
62
163
-4
264
435
302
314
212
-29
509
335
-11
260
-12
338
-14
308
-58
207
-26
152
756
-38
433
-10
219
-31
