140
158
-47
-105
-3490
-1218
-1935
-1196
-1799
-1214
-1496
-952
-1565
-1384
-1525
-1593
-1587
-1640
-1279
-1602
-2073
-2076
-1416
-1592
-1589
-1579
-1839
-1659
-1398
-1455
-981
-1418
-6
113
0
-181
-3552
-960
-1430
-912
-1369
-1016
-1137
-594
-1348
-898
-1132
-1049
-1417
-1408
-913
-1182
-1998
-1922
-1313
-1630
-1695
-1577
-1710
-1670
-1157
-1346
-871
-1290
16
36
62
-211
-3976
-780
-1201
-910
-1233
-925
-1257
-988
-1330
-699
-1129
-947
-1384
-1542
-930
-921
-1786
-1702
-1303
-1706
-1775
-1576
-1792
-1342
-1143
-1091
-759
-1074
78
-16
60
-217
-3978
-1077
-1237
-1018
-1257
-953
-1133
-1235
-1244
-870
-1294
-1265
-1260
-1647
-1043
-1328
-2081
-1900
-1543
-1941
-2079
-1619
-2038
-1161
-1346
-1061
-602
-1453
5
-37
77
-209
-3961
-1252
-1290
-1266
-1272
-977
-1274
-1353
-1412
-1039
-1461
-1438
-1114
-1711
-1194
-1475
-2269
-2003
-1592
-2011
-2204
-1707
-2040
-1211
-1497
-1067
-564
-1637
14
-115
78
-226
-3958
-1443
-1332
-1250
-1189
-1010
-1270
-1454
-1481
-1067
-1331
-1603
-1137
-1712
-1214
-1580
-2487
-2245
-1717
-2125
-2346
-1832
-2153
-1432
-1621
-1093
-348
-1598
27
-181
95
-241
-4088
-1411
-1397
-1071
-1166
-868
-1061
-1356
-1394
-997
-938
-1716
-1235
-1748
-1371
-1576
-2627
-2367
-1724
-2283
-2373
-2012
-2351
-1657
-1757
-1242
-391
-1627
13
-207
119
-262
-3971
-1067
-1537
-954
-1331
-875
-1171
-1481
-1431
-947
-1063
-1634
-1449
-1891
-1543
-1424
-2454
-2168
-1878
-2455
-2575
-2085
-2452
-1799
-1834
-1353
-524
-1709
10
-108
134
-255
-3831
-804
-1479
-934
-1324
-934
-1397
-1368
-1650
-901
-1140
-1712
-1531
-1921
-1831
-1278
-2438
-2244
-1878
-2361
-2471
-2132
-2564
-1734
-1880
-1427
-754
-1883
-28
-81
138
-246
-3930
-956
-1320
-1107
-1368
-913
-1376
-1218
-1769
-1053
-1155
-1878
-1422
-1889
-1724
-1276
-2399
-2231
-1720
-2224
-2374
-1949
-2551
-1672
-1678
-1248
-438
-1829
39
-4
100
-229
-3954
-997
-1173
-1094
-1337
-703
-1103
-914
-1725
-1193
-850
-1724
-1163
-1677
-1555
-1102
-2141
-2183
-1508
-1955
-2090
-1766
-2262
-1444
-1344
-1049
-215
-1764
-84
34
23
-203
-3912
-1124
-1091
-965
-1298
-713
-795
-971
-1495
-1137
-785
-1405
-1016
-1471
-1356
-1138
-1900
-1972
-1512
-1836
-1958
-1739
-1971
-1295
-1011
-1075
3
-1586
-103
-88
21
-81
-4174
-796
-1226
-1070
-1487
-737
-891
-1051
-1340
-1234
-1037
-1382
-1154
-1530
-1164
-1172
-1809
-1779
-1302
-1513
-1715
-1546
-1850
-1207
-808
-1322
71
-1423
148
-96
-57
14
-2854
-422
-1276
-510
-1206
-1168
-1174
-858
-1023
-1104
-1188
-1369
-1536
-1249
-799
-1308
-1802
-1852
-1329
-1774
-1674
-1603
-1883
-1608
-1310
-986
-610
-702
37
270
-40
-70
-2930
-659
-1209
-530
-1061
-1303
-1230
-800
-1130
-730
-1193
-1258
-1694
-1348
-758
-1188
-1916
-2029
-1503
-2081
-1914
-1725
-2042
-1977
-1379
-1544
-822
-1178
-90
373
1
-167
-3305
-456
-1412
-562
-1365
-1152
-1406
-1028
-1164
-764
-1157
-1147
-1831
-1618
-903
-1115
-1702
-1775
-1468
-2030
-1764
-1721
-2026
-1759
-1568
-1420
-784
-1320
123
383
90
-225
-3646
-638
-1288
-409
-1547
-1327
-1207
-1215
-1163
-1029
-1299
-1299
-1619
-1596
-1058
-1260
-1891
-1584
-1354
-1891
-1815
-1566
-2182
-1822
-1693
-1166
-362
-1407
46
460
111
-241
-3460
-943
-1277
-386
-1422
-1414
-1328
-1372
-1282
-1177
-1385
-1382
-1368
-1693
-1348
-1369
-1953
-1636
-1616
-1967
-1987
-1555
-2033
-1803
-1885
-939
-304
-1472
-47
455
150
-239
-3776
-932
-1162
-179
-1090
-1318
-1252
-1312
-1125
-1197
-1077
-1474
-1434
-1569
-1362
-1463
-2284
-1989
-1971
-2074
-2117
-1853
-2239
-1899
-2021
-1018
-454
-1489
79
426
171
-244
-3851
-899
-1041
-124
-1059
-1253
-1145
-1343
-1182
-1218
-624
-1546
-1254
-1477
-1551
-1431
-2381
-1897
-2132
-2126
-2051
-2067
-2327
-2131
-2008
-1165
-413
-1361
122
475
153
-265
-3865
-343
-1138
-629
-1399
-1383
-1537
-1738
-1683
-1349
-946
-1860
-1665
-1894
-1821
-1282
-2214
-1577
-2158
-2300
-2101
-2240
-2504
-2372
-1999
-1497
-626
-1387
71
458
161
-267
-3808
-261
-946
-843
-1429
-1420
-1670
-1705
-1983
-1177
-1129
-2142
-1856
-2134
-1962
-1105
-2193
-1641
-2063
-2310
-2022
-2353
-2732
-2502
-1939
-1828
-859
-1490
72
368
156
-235
-4040
-465
-938
-862
-1465
-1509
-1429
-1354
-1819
-1063
-1297
-2183
-1640
-1966
-1537
-1235
-2342
-2028
-1921
-2607
-2316
-2223
-2890
-2210
-1810
-1668
-880
-1372
171
334
129
-184
-3746
-551
-1030
-870
-1498
-1367
-1021
-942
-1589
-1217
-869
-1941
-1394
-1600
-1467
-1241
-2344
-2224
-1831
-2409
-2212
-1999
-2616
-1887
-1588
-1423
-618
-1490
-21
424
4
-118
-3446
-806
-1107
-823
-1609
-1216
-675
-894
-1280
-1501
-746
-1502
-1161
-1312
-1224
-1302
-2072
-2082
-1854
-2195
-2165
-1785
-2220
-1466
-1224
-1211
-95
-1430
-255
362
-85
20
-3622
-643
-886
-868
-1414
-791
-697
-837
-1025
-1390
-806
-1276
-1100
-1172
-1055
-1167
-1852
-1806
-1490
-1724
-1676
-1434
-1989
-1163
-928
-1151
-122
-1164
338
376
-86
103
-2349
-410
-1378
-326
-1510
-1633
-1344
-1243
-954
-988
-1599
-1704
-1770
-1667
-969
-1737
-2161
-2184
-1888
-2266
-2059
-1894
-1875
-2180
-2058
-1192
-922
-1018
53
233
-48
-18
-1904
-860
-1269
-789
-1228
-1704
-1606
-1509
-1360
-744
-1678
-1968
-2207
-2111
-1170
-1376
-2153
-2133
-1997
-2288
-2034
-2178
-2123
-2239
-2039
-1775
-1260
-1763
-79
253
1
-99
-1838
-776
-1275
-864
-1264
-1726
-1819
-1770
-1329
-629
-1679
-1761
-2551
-2284
-791
-1420
-1793
-1809
-1864
-2382
-1907
-1811
-2115
-2129
-2004
-1590
-1260
-1373
-52
364
32
-93
-2272
-1045
-1403
-738
-1659
-1899
-1709
-2081
-1433
-839
-1817
-1798
-2175
-2078
-963
-1478
-1969
-1681
-1746
-2182
-1743
-1765
-2207
-2076
-1910
-1279
-765
-1168
-29
225
130
-124
-2538
-988
-1290
-335
-1449
-1691
-1415
-1772
-1133
-985
-1735
-1795
-1814
-1975
-1278
-1383
-1883
-1638
-1947
-1956
-1805
-1778
-2029
-1777
-1936
-1100
-524
-1407
-24
362
180
-142
-2701
-1028
-1380
2
-1176
-1724
-1323
-1634
-1021
-1192
-1625
-1921
-1884
-1649
-1492
-1688
-2380
-2318
-2361
-1984
-2143
-2240
-2314
-1877
-2200
-1524
-782
-1660
-54
458
167
-157
-2512
-1162
-1099
102
-1006
-1436
-1164
-1326
-804
-1215
-1079
-1735
-1605
-1352
-1411
-1454
-2244
-2108
-2251
-1704
-1937
-2165
-2273
-1973
-1991
-1808
-812
-1677
140
521
86
-212
-2362
-889
-1096
0
-980
-1390
-1325
-1380
-730
-1200
-1257
-1745
-1625
-1580
-1331
-1054
-1929
-1495
-1778
-1513
-1616
-1899
-1959
-1970
-1505
-1664
-763
-1474
16
580
49
-237
-2076
-943
-1216
99
-1161
-1541
-1186
-1428
-506
-1176
-1475
-1788
-1753
-2008
-1600
-1361
-1781
-1336
-1707
-1820
-1487
-1922
-1950
-2165
-1523
-1782
-867
-1456
31
569
101
-236
-2227
-992
-1273
-67
-1413
-1732
-1068
-1248
-297
-1369
-1986
-2052
-1935
-2220
-1355
-1787
-2172
-1762
-1799
-2139
-1838
-2096
-2386
-2300
-1703
-2043
-979
-1758
-156
553
100
-188
-2140
-1125
-1203
-196
-1377
-1649
-776
-1099
-165
-1544
-1697
-1930
-1952
-1986
-1267
-1899
-2265
-1910
-1964
-2037
-1888
-2142
-2422
-2141
-1608
-1999
-1015
-1741
47
215
-30
-79
-2189
-996
-1219
-673
-1421
-1445
-848
-1325
-442
-1709
-1486
-1730
-1777
-1739
-1312
-1656
-1913
-1826
-1973
-1715
-2073
-1806
-2277
-1936
-1291
-1913
-812
-1744
-305
281
-127
66
-2372
-717
-1385
-1253
-1600
-1278
-1243
-1517
-938
-1551
-1473
-1817
-1855
-1604
-1417
-1625
-1958
-1994
-1856
-1641
-1879
-1629
-2299
-1576
-1346
-1639
-959
-1374
285
367
-149
157
-477
-1236
-1923
-909
-1956
-1775
-1502
-1613
-1084
-1229
-1725
-1886
-1666
-1554
-1716
-2338
-2675
-2702
-2237
-2866
-2214
-1957
-2042
-2114
-2371
-1957
-1172
-1608
-360
89
-66
42
-1487
-802
-1017
-1088
-1422
-1826
-1757
-1630
-1293
-879
-1662
-1872
-2068
-1796
-1336
-1370
-1647
-1741
-1921
-2391
-1946
-2087
-2151
-1967
-1767
-1865
-1674
-1715
209
88
45
-132
-1238
-857
-689
-778
-1277
-2001
-1752
-1854
-1157
-615
-1842
-1731
-2357
-2164
-749
-1469
-1332
-1405
-1699
-2471
-1883
-2020
-2282
-2187
-1975
-1535
-1522
-1390
-305
78
5
-102
-1274
-905
-944
-664
-1670
-2099
-1820
-2190
-1469
-815
-1865
-1514
-2022
-1813
-683
-1302
-1286
-1078
-1558
-2400
-1697
-1916
-2193
-2018
-1986
-984
-984
-997
-32
-42
189
-133
-2109
-759
-889
-200
-1440
-1773
-1478
-1650
-1230
-914
-1998
-1765
-1800
-1509
-786
-1253
-1572
-1211
-1574
-1932
-1828
-2178
-2151
-1818
-2016
-1227
-1109
-1623
43
-56
129
-150
-2321
-1068
-1390
1
-1556
-1868
-1593
-1647
-1090
-1080
-2020
-2117
-1722
-1087
-1042
-1353
-2063
-1841
-1960
-1894
-2145
-2431
-2223
-1673
-2213
-1487
-1291
-1823
66
-84
137
-178
-1947
-1318
-1545
134
-1598
-1736
-1589
-1774
-836
-1369
-1848
-2082
-1804
-1100
-1163
-1214
-1945
-1566
-1845
-1528
-1835
-2194
-2123
-1878
-2149
-1581
-1419
-1976
326
-173
45
-139
-1578
-1198
-1822
126
-1586
-1800
-1565
-1740
-407
-1592
-1927
-1854
-1985
-1515
-1413
-1198
-2002
-1576
-1685
-1531
-1564
-1724
-1907
-2039
-1943
-1691
-1643
-2065
206
-31
10
-127
-469
-1814
-2536
202
-2266
-2843
-1663
-2318
12
-2224
-2627
-2327
-2441
-2305
-2217
-2694
-2778
-2355
-2535
-2413
-2041
-2075
-2319
-2532
-2619
-2369
-2219
-2496
200
175
92
-109
470
-2420
-3312
233
-3202
-3591
-1759
-2713
-3
-2809
-3150
-2981
-2978
-2921
-2794
-4196
-3698
-3305
-3335
-3283
-2762
-2812
-3017
-2991
-3495
-3152
-2624
-3231
-514
319
63
-140
-156
-2303
-3108
175
-3046
-3386
-1580
-2554
76
-2959
-2835
-2822
-3051
-2734
-2585
-4015
-3514
-3192
-3396
-3296
-2679
-2908
-2992
-2728
-3183
-3190
-2665
-3041
-163
239
-38
-96
-1627
-920
-1980
169
-1880
-2207
-1175
-1767
3
-2176
-2014
-1944
-2499
-2095
-1485
-2359
-2169
-2103
-2297
-2329
-2053
-2000
-2350
-2166
-1972
-2329
-1994
-2034
-236
107
-143
125
-1910
-358
-1735
-639
-1652
-1767
-1451
-1727
-707
-1731
-1785
-1734
-2331
-1785
-1632
-1891
-2045
-1892
-1868
-1741
-1751
-1663
-2237
-1966
-1727
-1981
-1584
-1577
357
-369
-126
126
-707
-2068
-2202
-1130
-2326
-1908
-1577
-1729
-1059
-1389
-1833
-2430
-1399
-1531
-2216
-2237
-2915
-2892
-2612
-2869
-2215
-2157
-2188
-2152
-2467
-2151
-1007
-1721
-138
-87
-21
35
-1490
-978
-1148
-770
-1732
-1708
-1649
-1828
-1069
-878
-1661
-1928
-1656
-1468
-1360
-1182
-1468
-1458
-1946
-2152
-1960
-1939
-2043
-1796
-1868
-1760
-1226
-1433
222
239
29
-82
-965
-661
-532
-284
-1312
-1837
-1583
-1928
-1008
-739
-1714
-1965
-1902
-1684
-788
-1244
-1050
-886
-1501
-2422
-1826
-1979
-2159
-2233
-2108
-1303
-1319
-1323
-220
179
-10
-99
-743
-793
-561
-516
-1553
-2225
-1966
-2418
-1547
-1203
-1840
-1679
-1864
-1678
-750
-1027
-1094
-379
-1245
-2309
-1720
-2091
-2081
-1953
-1969
-842
-1245
-1300
-54
175
159
-165
-1761
-969
-626
-268
-1783
-2275
-2018
-2061
-1574
-1207
-2310
-1970
-1818
-1721
-799
-1347
-1538
-468
-1314
-2230
-1998
-2561
-2223
-2193
-2003
-1144
-1240
-1508
10
28
135
-207
-1850
-1547
-1337
-513
-2145
-2156
-2380
-2222
-1750
-1264
-2249
-2328
-1640
-1253
-740
-1442
-1664
-1030
-1563
-1678
-2102
-2652
-2149
-1950
-2102
-905
-845
-1261
-90
-85
215
-180
-2020
-1170
-1674
-567
-2127
-2240
-2397
-2339
-1625
-1377
-2096
-2357
-1864
-1191
-712
-1047
-1622
-1022
-1607
-1567
-2040
-2491
-2212
-2153
-2155
-981
-622
-1172
-22
-225
256
-191
-2388
-1165
-1562
-237
-1938
-1957
-2270
-2289
-1364
-1331
-2061
-2115
-2085
-1628
-427
-820
-1824
-1142
-1444
-1646
-1648
-2087
-2177
-2400
-2330
-1025
-960
-943
281
-506
198
-213
-2035
-1808
-2006
259
-2198
-1925
-1949
-2518
-532
-1310
-2354
-2401
-2499
-2313
-617
-1462
-2605
-1776
-1933
-2032
-1853
-2223
-2467
-2652
-2972
-1958
-1637
-1888
147
-748
135
-207
-1229
-2321
-2757
559
-2819
-2233
-1989
-2961
-534
-1876
-3068
-2938
-2949
-2820
-1195
-2521
-3226
-2397
-2571
-2712
-2249
-2771
-2831
-2861
-3625
-2915
-2397
-2828
-318
-783
68
-231
-1238
-1840
-2585
507
-2710
-2394
-1954
-2781
-474
-2325
-3006
-2844
-3022
-2812
-1403
-2518
-2846
-2217
-2579
-2478
-2076
-2697
-2633
-2675
-3257
-2878
-2440
-2810
13
-259
-44
-103
-1788
-778
-1692
520
-1754
-2020
-1722
-2312
-580
-2044
-2288
-2004
-2666
-2290
-909
-1887
-1895
-1429
-1723
-1996
-1508
-2016
-2178
-2129
-2414
-2094
-2120
-1836
-239
19
-151
129
-1970
-573
-1689
-17
-1580
-1710
-1546
-1760
-610
-1705
-1699
-1538
-2191
-1615
-1318
-1722
-1696
-1560
-1558
-1523
-1218
-1480
-1782
-1845
-2007
-1436
-1473
-1217
300
-119
-103
89
-2004
-1313
-2034
-1209
-2147
-1535
-1715
-1897
-1359
-923
-2050
-2320
-1470
-1782
-1355
-1700
-2437
-2296
-2257
-2066
-2005
-2166
-2065
-2020
-1986
-1857
-762
-1624
225
-119
8
-68
-1430
-1222
-2328
-1391
-2469
-1793
-2227
-2466
-1822
-710
-2322
-2391
-1961
-2065
-1295
-1796
-1867
-1836
-2729
-2193
-2380
-2648
-2229
-2706
-2443
-1982
-754
-1671
35
-165
38
-41
-1031
-1006
-1264
-658
-1664
-2108
-2236
-2561
-1592
-885
-2331
-2346
-2023
-1763
-908
-1584
-1316
-1049
-2404
-2295
-2278
-2579
-2470
-2597
-2443
-1473
-1084
-1417
-243
-198
-16
7
-998
-786
-499
-604
-1580
-2502
-2401
-2695
-1763
-1573
-2782
-2194
-2417
-1943
-1308
-1592
-1227
15
-2266
-2045
-2314
-2813
-2605
-2684
-2258
-1503
-1680
-1860
-116
-63
67
-56
-1945
-881
-767
-673
-2210
-2988
-2623
-2823
-2050
-1970
-3355
-2301
-2685
-2189
-1489
-2157
-1322
214
-2395
-2336
-2780
-3556
-2892
-3228
-2679
-1589
-1592
-1958
32
-21
70
-106
-2170
-1326
-1045
-947
-2512
-2741
-2460
-2818
-2070
-1963
-2827
-2432
-2271
-1770
-1029
-2188
-1511
-512
-2322
-2157
-2848
-3474
-2939
-2864
-2681
-1253
-689
-1389
-3
34
39
-52
-1994
-901
-1179
-1916
-2718
-2823
-2770
-2978
-2780
-2303
-2503
-2456
-2124
-1623
-1444
-1751
-1622
-1182
-2369
-1829
-2925
-3328
-2817
-2867
-2711
-947
-767
-943
-240
-72
117
-103
-2222
-1305
-1150
-1964
-2613
-2527
-2897
-2864
-2811
-2470
-2472
-2706
-2267
-1916
-1417
-1474
-1696
-1876
-2264
-1855
-2496
-3026
-2899
-2983
-2834
-801
-891
-638
40
-292
235
-127
-2619
-1231
-877
-967
-2118
-1869
-2455
-2446
-1964
-1859
-2271
-2466
-2161
-2033
-659
-1096
-1514
-1439
-1973
-1746
-2020
-2693
-2712
-2832
-2475
-842
-859
-869
21
-256
185
-183
-2674
-1512
-1008
-89
-1921
-1428
-2320
-2614
-1763
-1705
-2510
-2341
-1892
-1992
-487
-1099
-1780
-1171
-1661
-1915
-1864
-2434
-2626
-2608
-2655
-1362
-752
-1564
-110
-44
126
-130
-2390
-913
-1050
-48
-1872
-1576
-2204
-2452
-1566
-1780
-2524
-2054
-2123
-1934
-496
-1225
-1756
-1119
-1591
-1708
-1886
-2287
-2422
-2466
-2514
-1627
-1100
-1566
119
17
-30
-61
-2035
-592
-1477
160
-1554
-1474
-1843
-2026
-1220
-1803
-2103
-1753
-2078
-1654
-360
-1380
-1475
-1226
-1390
-1780
-1479
-1923
-1944
-2140
-2364
-1643
-1228
-1180
-223
125
-160
179
-1911
-494
-1844
20
-1665
-1608
-1615
-1645
-1014
-1792
-1709
-1665
-2162
-1456
-949
-1695
-1658
-1697
-1664
-1851
-1523
-1747
-1770
-2083
-2231
-1355
-1286
-884
377
224
-99
108
-1713
-963
-1689
-2007
-2157
-1421
-2167
-1926
-1883
-851
-2084
-2116
-1958
-2132
-364
-1300
-1828
-1715
-1952
-1551
-1818
-2049
-2017
-2009
-1960
-1657
-910
-1612
210
189
21
68
-1202
-1427
-1602
-1846
-2052
-2015
-2549
-2520
-2076
-1187
-2592
-2442
-2363
-2307
-615
-1674
-1925
-1483
-2709
-1672
-2332
-2745
-2578
-2839
-2550
-1786
-1262
-1552
48
141
24
57
-680
-1682
-1080
-1258
-1695
-2646
-2680
-2896
-2066
-1619
-2791
-2643
-2334
-2207
-1180
-2329
-1615
-672
-3031
-2092
-2491
-2990
-2749
-3015
-2665
-1325
-1456
-1467
-219
44
-2
49
-1240
-1744
-784
-1260
-2170
-3602
-3428
-3424
-2430
-2527
-3686
-3028
-3206
-3184
-2325
-2682
-1437
673
-3188
-2255
-3088
-3534
-3106
-3909
-2763
-1452
-1916
-2174
21
183
-30
30
-1612
-1683
-975
-1924
-2786
-3863
-3937
-3813
-3126
-2947
-4115
-2981
-3458
-3586
-2698
-2720
-1282
1305
-3056
-2499
-3111
-3934
-3327
-4336
-2992
-1614
-1779
-2433
-55
151
-15
33
-1856
-1041
-386
-2011
-2962
-3252
-3116
-3347
-2903
-2625
-3285
-2650
-2823
-2952
-2211
-2404
-1374
503
-2689
-2210
-2926
-3690
-3220
-3688
-2995
-1186
-1441
-1713
156
136
74
9
-1842
-1202
105
-2668
-3026
-3045
-3066
-3070
-3380
-3133
-3184
-2710
-2880
-2790
-1814
-2240
-1928
-954
-2930
-1778
-3106
-3737
-3669
-3862
-2802
-1111
-1605
-1386
-168
259
60
-1
-2282
-1814
164
-2309
-2794
-2557
-2688
-2512
-2990
-3093
-2651
-2797
-2814
-2505
-1021
-2116
-2315
-2061
-2875
-2008
-2773
-3332
-3470
-3645
-2613
-879
-1653
-872
-200
205
203
-10
-2477
-1693
89
-1611
-2614
-2274
-2386
-2079
-2528
-2647
-2445
-2677
-2616
-2430
-582
-1598
-1931
-1902
-2783
-2147
-2513
-3243
-3140
-3441
-2432
-849
-1447
-858
67
0
161
-6
-3052
-1458
-150
-813
-1953
-1534
-1895
-1989
-1808
-2146
-2405
-2336
-1914
-1968
-105
-1215
-1705
-1210
-2078
-1909
-2345
-2374
-2623
-2714
-2353
-1101
-989
-1286
-136
-2
108
-68
-2703
-1474
-830
-868
-1820
-1676
-1958
-2224
-1747
-1844
-2562
-2002
-1891
-1808
168
-1508
-1843
-1370
-2016
-1763
-2367
-2434
-2483
-2619
-2571
-1504
-1013
-1313
182
-50
-27
18
-2299
-1231
-1125
-551
-1441
-1449
-1629
-1720
-1335
-2025
-2158
-1702
-2009
-1569
-15
-1818
-1543
-1507
-1658
-1740
-1781
-2010
-2148
-2094
-2446
-1763
-1376
-1342
-228
41
-166
176
-1640
-804
-1541
-423
-1699
-1699
-1582
-1550
-1187
-2099
-1842
-1594
-2229
-1514
-772
-1993
-1769
-1877
-1742
-1963
-1734
-1987
-2134
-2241
-2344
-1628
-1552
-1062
463
-278
-91
78
-1763
-1225
-1637
-2152
-2152
-1899
-2540
-2077
-2054
-1294
-2171
-2089
-2158
-2524
-19
-1650
-1358
-1309
-2039
-1628
-1991
-1914
-1837
-2245
-1810
-1488
-1216
-1490
-87
-478
-17
55
-1623
-1558
-1723
-2064
-2245
-2668
-3266
-3019
-2380
-1962
-2970
-2651
-2820
-3007
-613
-2273
-1260
-1023
-3181
-1958
-2741
-2821
-2567
-3353
-2834
-1546
-1819
-1491
-138
-536
31
39
-1854
-1907
-1496
-1682
-2335
-3426
-3353
-3564
-2267
-2275
-3333
-3021
-3241
-3321
-1389
-2974
-1063
-325
-3767
-2503
-2834
-3391
-2781
-3601
-3025
-1105
-1990
-1629
297
89
49
60
-1664
-2587
-1665
-2443
-2866
-4524
-4758
-4764
-3382
-3637
-4618
-3773
-4525
-4785
-3004
-3611
-1030
1125
-4060
-2929
-3672
-4475
-3212
-4799
-3640
-1661
-3046
-2565
-137
17
9
88
-1465
-2559
-1456
-2622
-3110
-4516
-5014
-4886
-3856
-3626
-4732
-3475
-4395
-4625
-3244
-3514
-1404
1452
-3783
-3256
-3450
-4573
-3515
-5171
-3709
-2006
-2743
-2929
-231
-102
45
33
-1918
-1605
-455
-2583
-3079
-3972
-3960
-3840
-3285
-3238
-3720
-2781
-3544
-3683
-2453
-2722
-1470
929
-3213
-2808
-3219
-4201
-3560
-4284
-3243
-1330
-2207
-1975
179
-18
157
-35
-1752
-1649
580
-2637
-2651
-3599
-3377
-3063
-3263
-3148
-3313
-2768
-3337
-3387
-1428
-2349
-1862
-708
-3194
-2172
-3263
-3809
-3774
-3889
-2781
-1201
-1764
-1413
-38
-138
107
-34
-1897
-1827
491
-2468
-2441
-3048
-2892
-2850
-2893
-3025
-2859
-3069
-3093
-3230
-720
-2649
-2182
-1954
-3121
-2599
-3360
-3670
-3604
-3769
-2822
-1097
-1850
-962
-457
-107
94
-38
-2808
-1544
412
-1916
-2227
-2707
-2661
-2632
-2492
-2496
-2529
-2651
-2649
-2816
-549
-2154
-1973
-1894
-2950
-2293
-2912
-3470
-3207
-3312
-2549
-708
-1519
-701
24
3
169
-27
-3495
-1142
151
-1006
-1478
-1738
-1976
-1802
-1664
-1839
-2247
-2155
-2208
-2203
107
-1403
-1651
-1203
-2012
-1844
-2229
-2386
-2547
-2537
-2114
-975
-1327
-1062
-47
-87
111
-66
-3097
-1425
-944
-1092
-1791
-1698
-1869
-1915
-1535
-1767
-2505
-1851
-2086
-2052
324
-1593
-1649
-1150
-2058
-1823
-2399
-2534
-2555
-2627
-2541
-1440
-1434
-1230
280
-86
-20
25
-2718
-1428
-1427
-1208
-1850
-1617
-1673
-1674
-1327
-2154
-2228
-1609
-2052
-2022
-132
-2008
-1408
-1286
-1772
-1938
-1928
-1993
-2155
-2193
-2460
-1603
-1596
-1376
-226
-96
-153
135
-1876
-1238
-1664
-1067
-1963
-1864
-1600
-1645
-1322
-2066
-1969
-1542
-2142
-1838
-779
-2008
-1515
-1660
-1824
-1928
-1788
-1848
-2002
-2243
-2213
-1477
-1477
-1021
414
3
-106
91
-2533
-810
-1549
-1757
-1897
-1522
-2296
-1960
-1837
-1445
-1950
-2002
-2116
-2219
-288
-1442
-876
-1003
-1834
-1410
-1890
-1719
-1591
-2005
-1788
-1472
-1384
-1310
-373
52
-3
-15
-2629
-1181
-1645
-1689
-2105
-2400
-3226
-3012
-2288
-1995
-3060
-2677
-2918
-3124
-771
-2192
-827
-606
-2853
-1903
-2450
-2426
-2075
-2911
-2751
-1190
-1719
-1318
184
84
126
-7
-3003
-1554
-1796
-1747
-2385
-3078
-3616
-3486
-2435
-2581
-3387
-3135
-3519
-3538
-1597
-2819
-388
-50
-3252
-2489
-2463
-3212
-2325
-3437
-2904
-1176
-2103
-1619
291
-22
53
43
-1562
-2699
-2297
-2559
-3096
-4217
-4998
-4813
-3557
-3614
-4583
-4014
-4745
-4831
-2955
-3465
-768
610
-4117
-3209
-3319
-4681
-2982
-4783
-3734
-2016
-3283
-2527
-223
-145
96
20
-1881
-2478
-1484
-2036
-2805
-4331
-4671
-4638
-3298
-2960
-4361
-3468
-4109
-4179
-2629
-3215
-1113
584
-3972
-3132
-3186
-4386
-3144
-4522
-3608
-1847
-2911
-2182
-194
-45
104
-50
-1896
-1728
-751
-1869
-2300
-3422
-3669
-3636
-2641
-2237
-3484
-2332
-3256
-3185
-1743
-2272
-1420
592
-3084
-2538
-2711
-3582
-3007
-3512
-3057
-1434
-2123
-1637
28
-287
145
-95
-1815
-1277
-52
-1999
-1782
-2904
-2970
-2598
-2462
-1782
-3110
-2255
-2957
-2799
-1018
-1784
-1418
-195
-2677
-1894
-2470
-2954
-2853
-2882
-2532
-1196
-1785
-1182
81
-234
121
-169
-1913
-1320
63
-1527
-1600
-2380
-2366
-2329
-2162
-1468
-2617
-2468
-2738
-2878
-527
-1755
-1767
-1226
-2363
-2154
-2571
-2652
-2839
-2754
-2405
-1257
-1663
-1099
-348
-106
150
-181
-2485
-646
-435
-1362
-1706
-2145
-2483
-2406
-2081
-1444
-2369
-2321
-2912
-2752
-381
-1432
-1528
-1059
-2076
-1976
-2145
-2365
-2626
-2618
-2436
-1334
-1898
-1201
-17
38
136
-179
-3421
-452
-651
-882
-1293
-1613
-2090
-1853
-1618
-1643
-2115
-1731
-2530
-2303
-125
-931
-1045
-553
-1462
-1596
-1759
-1464
-1977
-2024
-1981
-1258
-1548
-1245
-126
-152
100
-165
-3463
-1045
-1512
-979
-1964
-1413
-2043
-1896
-1491
-1679
-2426
-1691
-2056
-2190
-105
-967
-1056
-702
-1659
-1560
-1963
-1532
-2002
-2167
-2209
-1631
-1196
-1530
215
-150
-7
-25
-3151
-1273
-1718
-1345
-2215
-1673
-2028
-1878
-1480
-2087
-2315
-1750
-2039
-2354
-580
-1565
-1473
-1283
-1776
-1933
-2195
-1704
-2152
-2001
-2221
-1961
-1443
-1848
-218
-133
-168
155
-2314
-1024
-1651
-1175
-2060
-1604
-1656
-1600
-1209
-1721
-1735
-1562
-2006
-1925
-812
-1599
-1429
-1422
-1512
-1766
-1755
-1448
-1949
-1817
-1736
-1556
-1388
-1276
535
94
-91
49
-2162
-881
-1697
-1569
-1841
-1573
-2185
-2051
-1761
-1384
-1914
-1808
-1938
-2254
-381
-1424
-1090
-1168
-1908
-1586
-2048
-1818
-1454
-2146
-1857
-1582
-1300
-1315
-216
132
-5
55
-1591
-1111
-2018
-1676
-2113
-2414
-2925
-3115
-2042
-1834
-2798
-2508
-2614
-2997
-725
-2317
-1060
-993
-2760
-2085
-2490
-2414
-1850
-2931
-2665
-1726
-1574
-1561
174
36
137
9
-1924
-1429
-2332
-1648
-2292
-2651
-3422
-3224
-2102
-2062
-3078
-2997
-3274
-3400
-1520
-2678
-267
-485
-3089
-2583
-2500
-2987
-1937
-3706
-2989
-1806
-2222
-1787
157
-82
62
-25
-868
-1868
-2369
-2121
-2548
-3293
-3957
-3814
-2542
-2708
-3754
-3480
-3881
-3987
-2236
-2819
-170
-187
-3670
-2706
-2721
-3881
-2324
-4100
-3469
-1995
-2955
-1897
-402
-62
81
-29
-1621
-1603
-1687
-1695
-2286
-3095
-3591
-3586
-2236
-2129
-3347
-2813
-3323
-3112
-1871
-2155
-338
109
-3089
-2106
-2263
-3208
-2283
-3388
-2992
-1812
-2636
-1521
-103
-90
53
-9
-1963
-1225
-1309
-1644
-1861
-2309
-2796
-2813
-1889
-1560
-2707
-1874
-2509
-2347
-1190
-1436
-776
259
-2249
-1467
-1870
-2152
-1869
-2468
-2199
-1532
-1932
-1254
12
-44
112
-35
-2230
-959
-887
-1475
-1495
-1730
-2231
-2134
-1711
-1165
-2132
-1723
-2041
-2124
-755
-1113
-924
-109
-1928
-999
-1604
-1742
-1853
-2203
-1622
-1436
-1326
-977
-3
-129
139
-74
-2474
-614
-753
-976
-1341
-1295
-1762
-1722
-1291
-1017
-1785
-2046
-1794
-2094
-515
-1081
-1187
-929
-1696
-1370
-1729
-1665
-2111
-1982
-1795
-1427
-1128
-1106
-167
-19
149
-84
-3153
-315
-991
-1073
-1491
-1324
-2114
-1951
-1448
-1190
-1959
-2081
-2225
-2397
-480
-779
-864
-786
-1548
-1394
-1635
-1572
-2033
-2030
-2010
-1394
-1515
-1209
-39
-63
83
-66
-3506
-404
-1050
-860
-1427
-1383
-2116
-2095
-1453
-1475
-2131
-1684
-2122
-2304
-457
-810
-757
-568
-1444
-1495
-1641
-1394
-1822
-1955
-2028
-1367
-1433
-1087
-13
153
106
5
-3105
-819
-1507
-938
-1858
-1497
-2005
-2017
-1398
-1662
-2517
-1786
-1924
-2335
-463
-1303
-1202
-843
-1765
-1692
-2084
-1639
-2065
-2136
-2061
-1890
-1458
-1558
89
144
15
72
-2662
-1260
-1923
-1330
-2265
-1909
-2217
-2229
-1528
-1957
-2644
-1992
-2129
-2558
-878
-2064
-1735
-1567
-2145
-2014
-2562
-2160
-2407
-2192
-2325
-2366
-1650
-2036
-233
-69
-160
167
-2328
-831
-1871
-1250
-2222
-1613
-1795
-1704
-1348
-1601
-1935
-1812
-2003
-2118
-1133
-1823
-1487
-1556
-1662
-1612
-2003
-1857
-2135
-1879
-1792
-2015
-1577
-1796
392
-312
-100
14
-3007
-1055
-1470
-1170
-1713
-1518
-1963
-1933
-1535
-1238
-1802
-1645
-1861
-2013
-327
-1139
-1024
-1146
-1821
-1125
-1922
-1560
-1331
-1703
-1750
-1192
-1067
-981
-63
-445
8
-26
-2203
-1210
-1522
-1077
-1933
-2197
-2417
-2655
-1673
-1582
-2532
-2342
-2209
-2517
-520
-1925
-1151
-1336
-2302
-1494
-2297
-1960
-1804
-2402
-2470
-1380
-1437
-1106
79
-232
157
-94
-2102
-1146
-1680
-943
-1965
-2168
-2649
-2631
-1592
-1602
-2531
-2517
-2619
-2835
-921
-2092
-647
-1084
-2442
-1913
-2151
-2265
-1900
-2780
-2655
-1666
-1723
-1325
126
-294
72
-105
-1388
-1387
-1823
-1410
-2036
-2576
-2944
-2968
-1790
-1853
-2861
-2776
-2853
-2954
-1267
-2013
-616
-888
-2695
-1816
-2188
-2735
-2112
-3044
-2946
-1657
-2124
-1167
-251
-234
104
-84
-1930
-1224
-1681
-1376
-1843
-2329
-2720
-2747
-1522
-1607
-2681
-2412
-2688
-2517
-1213
-1801
-641
-739
-2417
-1437
-1937
-2348
-2022
-2658
-2518
-1875
-2089
-1192
62
-215
150
-79
-2517
-1169
-1417
-1177
-1468
-1819
-2312
-2194
-1350
-1294
-2226
-1828
-2199
-2056
-846
-1424
-707
-504
-2061
-950
-1597
-1768
-1678
-2193
-1855
-1875
-1616
-1126
-59
-228
147
-73
-2509
-1020
-1348
-1198
-1493
-1566
-2046
-1888
-1236
-1203
-1961
-1867
-1754
-1916
-949
-1407
-1040
-842
-2107
-1023
-1686
-1652
-1866
-2287
-1648
-1800
-1191
-961
-40
-236
197
-74
-2854
-984
-1339
-894
-1473
-1212
-1804
-1614
-1043
-1104
-1807
-1972
-1561
-1878
-1018
-1670
-1376
-1320
-2190
-1526
-1992
-1898
-2268
-2390
-1941
-2013
-955
-1247
-107
-223
184
-93
-3319
-1099
-1504
-968
-1785
-1258
-2172
-1789
-1132
-1249
-1985
-2101
-1858
-2256
-978
-1679
-1250
-1269
-2328
-1643
-2035
-2091
-2433
-2529
-2127
-2020
-1196
-1350
4
-194
137
-88
-3758
-1062
-1518
-938
-1862
-1298
-2272
-2122
-1315
-1559
-2247
-1977
-2068
-2352
-941
-1662
-1127
-1134
-2219
-1789
-2165
-2084
-2398
-2452
-2215
-2029
-1458
-1407
-34
-219
101
-49
-3127
-1362
-1769
-1246
-2246
-1405
-2322
-2307
-1756
-1941
-2555
-2178
-2079
-2643
-1015
-1808
-1392
-1269
-2252
-1912
-2458
-2197
-2476
-2537
-2381
-2164
-1560
-1645
49
-395
4
5
-2842
-1282
-1785
-1591
-2356
-1755
-2353
-2357
-1859
-2171
-2496
-2230
-2128
-2631
-1107
-2090
-1613
-1387
-2242
-1891
-2655
-2277
-2455
-2458
-2501
-2126
-1702
-1840
-203
-373
-152
102
-2774
-720
-1643
-1223
-2062
-1279
-1880
-1620
-1525
-1574
-1732
-1705
-1775
-2020
-1075
-1682
-1212
-1124
-1519
-1437
-1840
-1675
-1862
-1866
-1809
-1786
-1323
-1530
180
-176
-96
-4
-4296
-537
-1228
-890
-1544
-1168
-1816
-1656
-1365
-1335
-1670
-1510
-1818
-1736
-707
-553
-957
-812
-1425
-754
-1403
-1258
-1285
-1333
-1491
-974
-1039
-935
3
-335
1
-184
-3923
-914
-1104
-888
-1514
-1498
-2032
-1926
-1426
-1316
-2132
-1898
-2003
-2044
-468
-888
-935
-889
-1637
-722
-1565
-1459
-1529
-1604
-1820
-889
-1443
-719
11
-458
142
-244
-3790
-1191
-1574
-870
-1940
-1612
-2142
-2035
-1443
-1395
-2396
-2307
-2176
-2567
-592
-1466
-898
-1193
-1931
-1054
-1802
-1675
-1673
-2132
-1963
-1465
-1476
-1170
11
-503
195
-245
-3422
-1442
-1741
-991
-1954
-2011
-2321
-2164
-1654
-1510
-2670
-2537
-2330
-2714
-810
-1763
-1132
-1389
-2182
-1081
-1976
-2070
-1810
-2280
-2096
-1892
-1661
-1474
-29
-390
216
-277
-3243
-1393
-1582
-1022
-1709
-1834
-2176
-1878
-1452
-1214
-2339
-2137
-2003
-2260
-877
-1414
-950
-1154
-1908
-867
-1678
-1878
-1556
-1849
-1791
-1903
-1394
-1441
25
-236
211
-325
-3547
-1139
-1222
-826
-1399
-1439
-1877
-1379
-1136
-824
-1881
-1722
-1655
-2000
-619
-975
-1037
-976
-1753
-660
-1495
-1596
-1453
-1601
-1237
-1893
-1228
-1429
35
-112
176
-333
-3295
-881
-1116
-880
-1432
-1373
-1777
-1260
-1237
-784
-1690
-1782
-1541
-1932
-826
-860
-1339
-1223
-1799
-1054
-1669
-1718
-1712
-1780
-1366
-1710
-1300
-1340
-18
-40
187
-324
-3325
-921
-1302
-881
-1575
-1387
-1802
-1303
-1327
-764
-1760
-2021
-1598
-2109
-988
-1279
-1720
-1748
-2081
-1818
-2149
-2036
-2065
-2155
-1844
-1852
-1428
-1518
-110
7
138
-304
-3612
-1069
-1322
-1002
-1615
-1298
-1951
-1443
-1371
-899
-1817
-2022
-1729
-2159
-966
-1217
-1567
-1639
-2177
-1902
-2322
-2107
-2189
-2180
-1983
-1853
-1406
-1490
-63
51
134
-283
-4103
-1240
-1344
-892
-1713
-1073
-1994
-1790
-1364
-1217
-1946
-1939
-1882
-2156
-1008
-1369
-1404
-1461
-1952
-1870
-2282
-2013
-2315
-2049
-2115
-1916
-1222
-1426
-60
-26
93
-240
-3948
-1151
-1545
-1089
-2097
-1044
-2205
-2111
-1609
-1806
-1990
-2042
-1915
-2257
-1229
-1442
-1202
-1295
-1981
-1930
-2396
-1991
-2365
-2116
-2335
-1815
-1289
-1366
-70
-143
-12
-163
-4080
-904
-1696
-1290
-2364
-1516
-2467
-2269
-1748
-2255
-2104
-2185
-1957
-2194
-1403
-1776
-1162
-1135
-2036
-1890
-2512
-2029
-2342
-2132
-2491
-1433
-1411
-1362
-29
-232
-147
49
-4308
-502
-1488
-909
-1995
-922
-1907
-1472
-1329
-1753
-1579
-1608
-1656
-1582
-1211
-1270
-782
-800
-1392
-1423
-1795
-1348
-1719
-1659
-1670
-1047
-1042
-1081
120
-20
-72
-46
-4513
-634
-1406
-912
-1834
-1384
-2012
-1654
-1581
-1643
-1698
-1512
-1990
-2047
-1200
-674
-1462
-1190
-1629
-1109
-1527
-1808
-1706
-1509
-1326
-1443
-1339
-1339
-84
-70
-19
-138
-4389
-691
-1205
-781
-1683
-1372
-1953
-1690
-1540
-1534
-1812
-1475
-2044
-2016
-1043
-575
-1230
-927
-1659
-755
-1334
-1675
-1537
-1346
-1323
-1251
-1451
-1051
3
-58
113
-197
-4683
-642
-1341
-771
-1815
-1240
-1965
-1608
-1482
-1532
-1812
-1781
-1980
-2420
-1176
-976
-1003
-796
-1525
-720
-1337
-1722
-1535
-1727
-1304
-1478
-1462
-1149
102
-145
177
-229
-4418
-877
-1513
-907
-1916
-1395
-2204
-1488
-1561
-1471
-1932
-1916
-1887
-2469
-1366
-1228
-1094
-924
-1883
-576
-1291
-2031
-1468
-1886
-1342
-1616
-1204
-1238
-6
-72
207
-287
-4368
-899
-1457
-993
-1704
-1446
-2204
-1234
-1526
-1289
-1772
-1676
-1697
-2050
-1347
-1116
-1086
-1038
-1798
-664
-1174
-2068
-1388
-1553
-1214
-1480
-1122
-1239
13
-150
159
-304
-4277
-846
-1413
-1124
-1817
-1189
-1806
-918
-1472
-1103
-1807
-1559
-1577
-1967
-1126
-890
-1418
-1193
-1907
-879
-1377
-1956
-1498
-1702
-1153
-1721
-1146
-1613
13
-178
143
-300
-3806
-731
-1468
-1242
-2066
-1167
-1577
-792
-1604
-1001
-1765
-1612
-1509
-1951
-1144
-967
-1833
-1562
-1921
-1403
-1635
-2080
-1694
-1973
-1322
-1904
-1355
-1941
-13
-173
141
-289
-3584
-861
-1737
-1296
-2350
-1196
-1513
-901
-1691
-916
-1962
-1861
-1651
-2163
-1350
-1248
-2106
-1936
-2151
-2021
-2034
-2337
-1966
-2342
-1621
-2199
-1571
-2290
-40
-161
111
-284
-3597
-1037
-1778
-1311
-2291
-1146
-1584
-1099
-1717
-1078
-2020
-1965
-1749
-2259
-1567
-1289
-1946
-1837
-2170
-2175
-2142
-2347
-2045
-2343
-1666
-2235
-1555
-2280
-156
-92
117
-279
-3947
-990
-1611
-1141
-2171
-955
-1680
-1333
-1626
-1400
-1959
-1892
-1757
-2150
-1689
-1327
-1675
-1538
-1935
-2023
-2065
-2076
-2095
-2061
-1631
-2176
-1368
-2071
-81
-108
103
-244
-4050
-819
-1635
-1026
-2340
-926
-1955
-1635
-1620
-1761
-1843
-1982
-1670
-2041
-1636
-1443
-1406
-1353
-1850
-1906
-2181
-1962
-2151
-1955
-1768
-1908
-1028
-1662
-148
-71
37
-200
-4564
-719
-1583
-990
-2478
-1167
-2171
-1786
-1553
-2037
-1672
-1996
-1660
-1807
-1697
-1610
-1403
-1290
-1936
-1794
-2104
-2000
-2105
-1733
-1977
-1546
-1137
-1416
63
44
-87
-16
-4859
-813
-1492
-642
-2076
-1054
-1863
-1391
-1365
-1658
-1370
-1637
-1594
-1566
-1455
-1174
-1286
-1196
-1525
-1459
-1774
-1641
-1730
-1556
-1461
-1172
-1205
-1154
