162
166
-47
-105
1
2
1
2
1
2
1
6
1
1
1
1
1
1
1
1
1
1
1
1
1
1
1
1
1
1
5
1
126
156
0
-181
1
5
1
7
1
4
2
22
1
7
3
4
1
1
7
2
1
1
1
1
1
1
1
1
2
1
8
1
132
137
62
-211
1
11
2
7
2
6
1
5
1
15
3
6
1
1
6
6
1
1
1
1
1
1
1
1
2
3
12
3
147
124
60
-217
1
3
2
4
1
6
3
2
1
8
1
1
1
1
4
1
1
1
1
1
1
1
1
2
1
3
22
1
129
118
77
-209
1
1
1
1
1
5
1
1
1
4
1
1
3
1
2
1
1
1
1
1
1
1
1
2
1
3
25
1
131
99
78
-226
1
1
1
1
2
4
1
1
1
3
1
1
2
1
2
1
1
1
1
1
1
1
1
1
1
3
52
1
134
84
95
-241
1
1
1
3
2
8
3
1
1
5
6
1
2
1
1
1
1
1
1
1
1
1
1
1
1
1
45
1
131
78
119
-262
1
3
1
6
1
8
2
1
1
6
3
1
1
1
1
1
1
1
1
1
1
1
1
1
1
1
29
1
130
101
134
-255
1
10
1
6
1
6
1
1
1
7
2
1
1
1
1
1
1
1
1
1
1
1
1
1
1
1
12
1
121
107
138
-246
1
5
1
3
1
7
1
2
1
4
2
1
1
1
1
1
1
1
1
1
1
1
1
1
1
1
39
1
137
127
100
-229
1
5
2
3
1
15
3
7
1
2
8
1
2
1
1
3
1
1
1
1
1
1
1
1
1
4
77
1
107
136
23
-203
1
3
3
5
1
14
10
5
1
2
11
1
4
1
1
2
1
1
1
1
1
1
1
1
4
3
128
1
102
106
21
-81
1
10
2
3
1
13
7
4
1
2
4
1
2
1
2
2
1
1
1
1
1
1
1
2
10
1
145
1
164
104
-57
14
1
41
1
30
2
2
2
8
4
3
2
1
1
1
10
1
1
1
1
1
1
1
1
1
1
5
21
15
137
189
-40
-70
1
18
2
28
3
1
2
10
3
13
2
1
1
1
12
2
1
1
1
1
1
1
1
1
1
1
9
2
105
208
1
-167
1
36
1
25
1
2
1
4
2
12
2
2
1
1
7
3
1
1
1
1
1
1
1
1
1
1
11
1
158
209
90
-225
1
19
1
43
1
1
2
2
2
4
1
1
1
1
4
1
1
1
1
1
1
1
1
1
1
2
50
1
139
219
111
-241
1
6
1
46
1
1
1
1
1
2
1
1
1
1
1
1
1
1
1
1
1
1
1
1
1
6
59
1
116
219
150
-239
1
6
2
85
3
1
1
1
3
2
3
1
1
1
1
1
1
1
1
1
1
1
1
1
1
4
37
1
147
215
171
-244
1
7
4
97
4
1
2
1
2
2
20
1
1
1
1
1
1
1
1
1
1
1
1
1
1
2
42
1
158
221
153
-265
1
53
2
20
1
1
1
1
1
1
6
1
1
1
1
1
1
1
1
1
1
1
1
1
1
1
20
1
145
219
161
-267
1
67
6
9
1
1
1
1
1
2
3
1
1
1
1
3
1
1
1
1
1
1
1
1
1
1
8
1
145
207
156
-235
1
35
6
8
1
1
1
1
1
3
1
1
1
1
1
2
1
1
1
1
1
1
1
1
1
1
7
1
169
201
129
-184
1
26
4
8
1
1
4
6
1
2
8
1
1
1
1
1
1
1
1
1
1
1
1
1
1
1
21
1
122
215
4
-118
1
10
3
9
1
2
17
7
1
1
13
1
2
1
2
1
1
1
1
1
1
1
1
1
2
2
104
1
69
206
-85
20
1
19
7
8
1
11
15
9
4
1
10
1
3
2
4
2
1
1
1
1
1
1
1
2
6
2
98
2
202
208
-86
103
1
42
1
56
1
1
1
1
6
5
1
1
1
1
5
1
1
1
1
1
1
1
1
1
1
2
6
4
141
182
-48
-18
1
8
1
11
2
1
1
1
1
13
1
1
1
1
2
1
1
1
1
1
1
1
1
1
1
1
1
1
108
186
1
-99
1
11
1
8
1
1
1
1
1
20
1
1
1
1
11
1
1
1
1
1
1
1
1
1
1
1
1
1
115
206
32
-93
1
4
1
13
1
1
1
1
1
9
1
1
1
1
5
1
1
1
1
1
1
1
1
1
1
1
12
2
120
181
130
-124
1
5
1
54
1
1
1
1
3
5
1
1
1
1
1
1
1
1
1
1
1
1
1
1
1
3
29
1
122
206
180
-142
1
4
1
128
2
1
1
1
4
2
1
1
1
1
1
1
1
1
1
1
1
1
1
1
1
1
11
1
114
219
167
-157
1
2
3
153
4
1
2
1
10
2
3
1
1
1
1
1
1
1
1
1
1
1
1
1
1
1
10
1
162
226
86
-212
1
7
3
128
5
1
1
1
13
2
1
1
1
1
1
4
1
1
1
1
1
1
1
1
1
1
12
1
132
232
49
-237
1
6
2
152
2
1
2
1
31
2
1
1
1
1
1
1
1
1
1
1
1
1
1
1
1
1
8
1
135
231
101
-236
1
5
1
111
1
1
3
1
61
1
1
1
1
1
1
1
1
1
1
1
1
1
1
1
1
1
5
1
90
229
100
-188
1
3
2
81
1
1
11
3
88
1
1
1
0
1
1
1
1
1
1
1
1
1
1
1
1
1
4
1
139
179
-30
-79
1
5
2
17
1
1
8
1
38
1
1
1
1
1
1
1
1
1
1
1
1
1
1
1
1
1
10
1
59
192
-127
66
1
14
1
1
1
1
1
1
6
1
1
1
1
1
1
1
1
1
1
1
1
1
1
1
1
1
5
1
192
206
-149
157
34
2
1
7
1
1
1
1
3
2
1
1
1
1
1
1
1
1
1
1
1
1
1
1
1
1
2
1
50
150
-66
42
1
10
4
3
1
1
1
1
1
8
1
1
1
1
1
1
1
1
1
1
1
1
1
1
1
1
1
1
177
149
45
-132
2
8
16
11
1
1
1
1
2
21
1
1
1
1
13
1
1
1
1
1
1
1
1
1
1
1
1
1
59
147
5
-102
1
7
6
17
1
1
1
1
1
10
1
1
1
1
16
1
1
3
1
1
1
1
1
1
1
5
5
5
120
117
189
-133
1
12
7
80
1
1
1
1
2
7
1
1
1
1
11
1
1
2
1
1
1
1
1
1
1
2
3
1
138
114
129
-150
1
3
1
128
1
1
1
1
3
3
1
1
1
3
4
1
1
1
1
1
1
1
1
1
1
1
1
1
144
107
137
-178
1
1
1
161
1
1
1
1
9
1
1
1
1
3
2
2
1
1
1
1
1
1
1
1
1
1
1
1
200
86
45
-139
1
2
1
159
1
1
1
1
43
1
1
1
1
1
1
2
1
1
1
1
1
1
1
1
1
1
1
1
177
120
10
-127
35
1
1
176
1
1
1
1
131
1
1
1
1
1
1
1
1
1
1
1
1
1
1
1
1
1
1
1
175
170
92
-109
221
1
1
182
1
1
1
1
127
1
1
1
1
1
1
1
1
1
1
1
1
1
1
1
1
1
1
1
30
199
63
-140
90
1
1
170
1
1
1
1
146
1
1
1
1
1
1
1
1
1
1
1
1
1
1
1
1
1
1
1
88
184
-38
-96
1
6
1
168
1
1
2
1
128
1
1
1
1
1
1
1
1
1
1
1
1
1
1
1
1
1
1
1
72
154
-143
125
1
50
1
19
1
1
1
1
15
1
1
1
1
1
1
1
1
1
1
1
1
1
1
1
1
1
1
1
205
48
-126
126
15
1
1
3
1
1
1
1
4
1
1
1
1
1
1
1
1
1
1
1
1
1
1
1
1
1
4
1
94
106
-21
35
1
5
2
12
1
1
1
1
3
8
1
1
1
1
1
2
1
1
1
1
1
1
1
1
1
1
2
1
180
184
29
-82
5
17
28
63
1
1
1
1
4
13
1
1
1
1
11
1
4
7
1
1
1
1
1
1
1
1
1
1
76
171
-10
-99
13
11
25
30
1
1
1
1
1
2
1
1
1
1
12
4
3
47
1
1
1
1
1
1
1
9
1
1
114
170
159
-165
1
5
20
66
1
1
1
1
1
2
1
1
1
1
10
1
1
35
1
1
1
1
1
1
1
2
2
1
130
135
135
-207
1
1
1
30
1
1
1
1
1
1
1
1
1
1
13
1
1
4
1
1
1
1
1
1
1
7
9
1
105
107
215
-180
1
2
1
25
1
1
1
1
1
1
1
1
1
2
14
4
1
4
1
1
1
1
1
1
1
5
20
2
122
75
256
-191
1
2
1
72
1
1
1
1
1
1
1
1
1
1
40
9
1
2
1
1
1
1
1
1
1
4
5
6
192
31
198
-213
1
1
1
187
1
1
1
1
28
1
1
1
1
1
21
1
1
1
1
1
1
1
1
1
1
1
1
1
163
13
135
-207
2
1
1
230
1
1
1
1
28
1
1
1
1
1
2
1
1
1
1
1
1
1
1
1
1
1
1
1
57
11
68
-231
2
1
1
225
1
1
1
1
34
1
1
1
1
1
1
1
1
1
1
1
1
1
1
1
1
1
1
1
131
68
-44
-103
1
11
1
226
1
1
1
1
24
1
1
1
1
1
7
1
1
1
1
1
1
1
1
1
1
1
1
1
72
132
-151
129
1
24
1
123
1
1
1
1
21
1
1
1
1
1
1
1
1
1
1
1
2
1
1
1
1
1
1
2
195
98
-103
89
1
1
1
2
1
1
1
1
1
6
1
1
1
1
1
1
1
1
1
1
1
1
1
1
1
1
12
1
181
98
8
-68
1
2
1
1
1
1
1
1
1
15
1
1
1
1
1
1
1
1
1
1
1
1
1
1
1
1
12
1
136
88
38
-41
4
4
1
18
1
1
1
1
1
7
1
1
1
1
7
1
1
4
1
1
1
1
1
1
1
1
3
1
71
80
-16
7
5
11
31
22
1
1
1
1
1
1
1
1
1
1
1
1
2
131
1
1
1
1
1
1
1
1
1
1
99
112
67
-56
1
7
12
17
1
1
1
1
1
1
1
1
1
1
1
1
1
179
1
1
1
1
1
1
1
1
1
1
136
122
70
-106
1
1
4
6
1
1
1
1
1
1
1
1
1
1
4
1
1
30
1
1
1
1
1
1
1
1
16
1
127
136
39
-52
1
7
2
1
1
1
1
1
1
1
1
1
1
1
1
1
1
2
1
1
1
1
1
1
1
6
12
6
72
110
117
-103
1
1
2
1
1
1
1
1
1
1
1
1
1
1
1
1
1
1
1
1
1
1
1
1
1
10
7
19
138
62
235
-127
1
2
8
5
1
1
1
1
1
1
1
1
1
1
18
3
1
1
1
1
1
1
1
1
1
9
8
8
133
68
185
-183
1
1
4
106
1
1
1
1
1
1
1
1
1
1
33
3
1
2
1
1
1
1
1
1
1
1
12
1
100
117
126
-130
1
7
4
116
1
1
1
1
1
1
1
1
1
1
32
2
1
3
1
1
1
1
1
1
1
1
3
1
157
132
-30
-61
1
23
1
166
1
1
1
1
2
1
1
1
1
1
50
1
1
2
1
1
1
1
1
1
1
1
2
2
75
158
-160
179
1
32
1
133
1
1
1
1
4
1
1
1
1
1
6
1
1
1
1
1
1
1
1
1
1
1
1
7
208
181
-99
108
1
5
1
1
1
1
1
1
1
8
1
1
1
1
49
1
1
1
0
1
1
1
1
1
1
1
7
1
178
173
21
68
2
1
1
1
1
1
1
1
1
2
1
1
1
1
21
1
1
1
1
1
1
1
1
1
1
1
1
1
140
162
24
57
16
1
3
1
1
1
1
1
1
1
1
1
1
1
2
1
1
17
1
1
1
1
1
1
1
1
1
1
76
139
-2
49
2
1
11
1
1
1
1
1
1
1
1
1
1
1
1
1
1
239
1
1
1
1
1
1
1
1
1
1
133
172
-30
30
1
1
5
1
1
1
1
1
1
1
1
1
1
1
1
1
1
255
1
1
1
1
1
1
1
1
1
1
114
165
-15
33
1
4
46
1
1
1
1
1
1
1
1
1
1
1
1
1
1
225
1
1
1
1
1
1
1
2
1
1
165
161
74
9
1
2
154
1
1
1
1
1
1
1
1
1
1
1
1
1
1
6
1
1
1
1
1
1
1
3
1
1
87
187
60
-1
1
1
168
1
1
1
1
1
1
1
1
1
1
1
4
1
1
1
1
1
1
1
1
1
1
8
1
8
80
177
203
-10
1
1
150
1
1
1
1
1
1
1
1
1
1
1
23
1
1
1
1
1
1
1
1
1
1
8
1
8
144
128
161
-6
1
1
91
10
1
1
1
1
1
1
1
1
1
1
102
2
1
2
1
1
1
1
1
1
1
3
5
1
94
127
108
-68
1
1
9
8
1
1
1
1
1
1
1
1
1
1
168
1
1
1
1
1
1
1
1
1
1
1
4
1
172
115
-27
18
1
2
3
26
1
1
1
1
1
1
1
1
1
1
124
1
1
1
1
1
1
1
1
1
1
1
1
1
74
138
-166
176
1
10
1
41
1
1
1
1
2
1
1
1
1
1
11
1
1
1
1
1
1
1
1
1
1
1
1
3
220
64
-91
78
1
2
1
1
1
1
1
1
1
1
1
1
1
1
123
1
1
1
1
1
1
1
1
1
1
1
2
1
106
34
-17
55
1
1
1
1
1
1
1
1
1
1
1
1
1
1
21
1
1
4
1
1
1
1
1
1
1
1
1
1
94
28
31
39
1
1
1
1
1
1
1
1
1
1
1
1
1
1
1
1
3
56
1
1
1
1
1
1
1
3
1
1
195
150
49
60
1
1
1
1
1
1
1
1
1
1
1
1
1
1
1
1
4
253
1
1
1
1
1
1
1
1
1
1
94
132
9
88
1
1
1
1
1
1
1
1
1
1
1
1
1
1
1
1
1
256
1
1
1
1
1
1
1
1
1
1
73
102
45
33
1
1
37
1
1
1
1
1
1
1
1
1
1
1
1
1
1
250
1
1
1
1
1
1
1
1
1
1
171
123
157
-35
1
1
232
1
1
1
1
1
1
1
1
1
1
1
1
1
1
15
1
1
1
1
1
1
1
2
1
1
118
94
107
-34
1
1
223
1
1
1
1
1
1
1
1
1
1
1
14
1
1
1
1
1
1
1
1
1
1
3
1
5
36
101
94
-38
1
1
213
1
1
1
1
1
1
1
1
1
1
1
26
1
1
1
1
1
1
1
1
1
1
15
1
15
134
128
169
-27
1
2
165
4
1
1
1
1
1
1
1
1
1
1
154
1
1
2
1
1
1
1
1
1
1
5
1
3
116
106
111
-66
1
1
6
3
1
1
1
1
1
1
1
1
1
1
199
1
1
2
1
1
1
1
1
1
1
1
1
2
192
106
-20
25
1
1
1
2
1
1
1
1
1
1
1
1
1
1
95
1
1
1
1
1
1
1
1
1
1
1
1
1
74
104
-153
135
1
2
1
3
1
1
1
1
1
1
1
1
1
1
11
1
1
1
1
1
1
1
1
1
1
1
1
4
214
128
-106
91
1
10
1
1
1
1
1
1
1
1
1
1
1
1
62
1
8
4
1
1
1
1
1
1
1
1
1
1
48
141
-3
-15
1
2
1
1
1
1
1
1
1
1
1
1
1
1
12
1
9
21
1
1
1
1
1
1
1
2
1
1
172
148
126
-7
1
1
1
1
1
1
1
1
1
1
1
1
1
1
1
1
46
115
1
1
1
1
1
1
1
2
1
1
193
122
53
43
1
1
1
1
1
1
1
1
1
1
1
1
1
1
1
1
12
234
1
1
1
1
1
1
1
1
1
1
75
92
96
20
1
1
1
1
1
1
1
1
1
1
1
1
1
1
1
1
3
232
1
1
1
1
1
1
1
1
1
1
81
116
104
-50
1
1
12
1
1
1
1
1
1
1
1
1
1
1
1
1
1
233
1
1
1
1
1
1
1
1
1
1
135
62
145
-95
1
1
115
1
1
1
1
1
1
1
1
1
1
1
4
1
1
81
1
1
1
1
1
1
1
2
1
2
148
73
121
-169
1
1
143
1
1
1
1
1
1
1
1
1
1
1
28
1
1
2
1
1
1
1
1
1
1
1
1
3
52
101
150
-181
1
19
39
1
1
1
1
1
1
1
1
1
1
1
47
1
1
4
1
1
1
1
1
1
1
1
1
2
123
137
136
-179
1
37
18
7
1
1
1
1
1
1
1
1
1
1
97
6
4
26
1
1
1
1
1
1
1
1
1
1
97
91
100
-165
1
4
1
5
1
1
1
1
1
1
1
1
1
1
102
5
4
15
1
1
1
1
1
1
1
1
2
1
179
91
-7
-25
1
1
1
1
1
1
1
1
1
1
1
1
1
1
24
1
1
1
1
1
1
1
1
1
1
1
1
1
76
95
-168
155
1
4
1
2
1
1
1
1
2
1
1
1
1
1
10
1
1
1
1
1
1
1
1
1
1
1
1
1
228
151
-91
49
1
7
1
1
1
1
1
1
1
1
1
1
1
1
47
1
3
2
1
1
1
1
1
1
1
1
1
1
77
160
-5
55
1
3
1
1
1
1
1
1
1
1
1
1
1
1
14
1
4
5
1
1
1
1
1
1
1
1
1
1
170
137
137
9
1
1
1
1
1
1
1
1
1
1
1
1
1
1
1
1
66
33
1
1
1
1
1
1
1
1
1
1
166
107
62
-25
8
1
1
1
1
1
1
1
1
1
1
1
1
1
1
1
87
83
1
1
1
1
1
1
1
1
1
1
44
112
81
-29
1
1
1
1
1
1
1
1
1
1
1
1
1
1
1
1
53
154
1
1
1
1
1
1
1
1
1
1
102
105
53
-9
1
2
1
1
1
1
1
1
1
1
1
1
1
1
2
1
11
187
1
1
1
1
1
1
1
1
1
1
131
117
112
-35
1
5
7
1
1
1
1
1
1
2
1
1
1
1
12
3
6
101
1
5
1
1
1
1
1
1
1
5
127
96
139
-74
1
21
12
5
1
1
1
1
1
4
1
1
1
1
30
3
2
6
1
1
1
1
1
1
1
1
3
3
87
123
149
-84
1
57
5
3
1
1
1
1
1
2
1
1
1
1
34
11
8
11
1
1
1
1
1
1
1
1
1
2
118
112
83
-66
1
43
4
8
1
1
1
1
1
1
1
1
1
1
36
10
12
25
1
1
1
1
1
1
1
1
1
3
124
165
106
5
1
10
1
6
1
1
1
1
1
1
1
1
1
1
36
1
2
9
1
1
1
1
1
1
1
1
1
1
150
163
15
72
1
1
1
1
1
1
1
1
1
1
1
1
1
1
8
1
1
1
1
1
1
1
1
1
1
1
1
1
73
110
-160
167
1
9
1
1
1
1
1
1
1
1
1
1
1
1
3
1
1
1
1
1
1
1
1
1
1
1
1
1
210
58
-100
14
1
4
1
2
1
1
1
1
1
2
1
1
1
1
55
2
4
2
1
3
1
1
1
1
1
2
3
5
112
38
8
-26
1
2
1
3
1
1
1
1
1
1
1
1
1
1
29
1
2
1
1
1
1
1
1
1
1
1
1
3
147
73
157
-94
1
2
1
6
1
1
1
1
1
1
1
1
1
1
6
1
18
3
1
1
1
1
1
1
1
1
1
1
159
61
72
-105
1
1
1
1
1
1
1
1
1
1
1
1
1
1
1
1
21
7
1
1
1
1
1
1
1
1
1
2
69
73
104
-84
1
2
1
1
1
1
1
1
1
1
1
1
1
1
2
1
19
13
1
1
1
1
1
1
1
1
1
2
143
77
150
-79
1
2
1
2
1
1
1
1
1
1
1
1
1
1
9
1
15
31
1
6
1
1
1
1
1
1
1
3
113
74
147
-73
1
4
1
2
1
1
1
1
2
2
1
1
1
1
6
1
4
9
1
4
1
1
1
1
1
1
2
5
118
72
197
-74
1
5
1
7
1
2
1
1
4
3
1
1
1
1
4
1
1
1
1
1
1
1
1
1
1
1
5
1
101
75
184
-93
1
3
1
5
1
1
1
1
3
1
1
1
1
1
5
1
1
1
1
1
1
1
1
1
1
1
2
1
129
81
137
-88
1
3
1
6
1
1
1
1
1
1
1
1
1
1
6
1
3
3
1
1
1
1
1
1
1
1
1
1
119
76
101
-49
1
1
1
1
1
1
1
1
1
1
1
1
1
1
4
1
1
1
1
1
1
1
1
1
1
1
1
1
140
45
4
5
1
1
1
1
1
1
1
1
1
1
1
1
1
1
3
1
1
1
1
1
1
1
1
1
1
1
1
1
79
48
-152
102
1
14
1
2
1
1
1
1
1
1
1
1
1
1
3
1
2
3
1
1
1
1
1
1
1
1
1
1
171
85
-96
-4
1
27
2
7
1
2
1
1
1
1
1
1
1
1
15
26
5
10
1
12
1
1
1
1
1
5
4
6
128
54
1
-184
1
7
3
7
1
1
1
1
1
1
1
1
1
1
35
7
6
7
1
14
1
1
1
1
1
7
1
14
130
36
142
-244
1
2
1
8
1
1
1
1
1
1
1
1
1
1
23
1
7
2
1
4
1
1
1
1
1
1
1
2
130
31
195
-245
1
1
1
5
1
1
1
1
1
1
1
1
1
1
10
1
3
1
1
3
1
1
1
1
1
1
1
1
120
45
216
-277
1
1
1
4
1
1
1
1
1
2
1
1
1
1
8
1
6
2
1
8
1
1
1
1
1
1
1
1
134
72
211
-325
1
2
2
9
1
1
1
1
2
9
1
1
1
1
20
5
4
5
1
18
1
1
1
1
2
1
2
1
136
100
176
-333
1
7
3
7
1
1
1
1
2
11
1
1
1
1
9
8
1
2
1
4
1
1
1
1
1
1
1
1
123
118
187
-324
1
6
1
7
1
1
1
1
1
12
1
1
1
1
5
1
1
1
1
1
1
1
1
1
1
1
1
1
100
129
138
-304
1
3
1
5
1
1
1
1
1
7
1
1
1
1
5
2
1
1
1
1
1
1
1
1
1
1
1
1
112
140
134
-283
1
2
1
7
1
3
1
1
1
2
1
1
1
1
4
1
1
1
0
1
1
1
1
1
1
1
2
1
113
121
93
-240
1
2
1
3
1
4
1
1
1
1
1
1
1
1
2
1
2
1
1
1
1
1
1
1
1
1
1
1
110
93
-12
-163
1
7
1
1
1
1
1
1
1
1
1
1
1
1
1
1
2
3
1
1
1
1
1
1
1
1
1
1
120
73
-147
49
1
31
1
7
1
6
1
1
1
1
1
1
1
1
2
1
11
10
1
1
1
1
1
1
1
4
4
3
157
123
-72
-46
1
19
1
7
1
1
1
1
1
1
1
1
1
1
2
17
1
2
1
3
1
1
1
1
1
1
1
1
107
110
-19
-138
1
16
2
11
1
1
1
1
1
1
1
1
1
1
4
24
2
6
1
12
1
1
1
1
1
1
1
4
128
113
113
-197
1
19
1
12
1
2
1
1
1
1
1
1
1
1
2
5
4
10
1
14
1
1
1
1
1
1
1
2
153
92
177
-229
1
8
1
7
1
1
1
1
1
1
1
1
1
1
1
2
3
6
1
24
1
1
1
1
1
1
2
2
126
110
207
-287
1
7
1
5
1
1
1
2
1
1
1
1
1
1
1
3
3
4
1
17
2
1
1
1
2
1
3
2
131
91
159
-304
1
9
1
3
1
2
1
6
1
3
1
1
1
1
3
7
1
2
1
8
1
1
1
1
2
1
2
1
131
85
143
-300
1
13
1
1
1
2
1
11
1
5
1
1
1
1
2
5
1
1
1
1
1
1
1
1
1
1
1
1
124
86
141
-289
1
8
1
1
1
2
1
7
1
6
1
1
1
1
1
1
1
1
1
1
1
1
1
1
1
1
1
1
118
89
111
-284
1
4
1
1
1
2
1
3
1
3
1
1
1
1
1
1
1
1
1
1
1
1
1
1
1
1
1
1
90
105
117
-279
1
5
1
2
1
5
1
1
1
1
1
1
1
1
1
1
1
1
1
1
1
1
1
1
1
1
1
1
107
101
103
-244
1
10
1
4
1
6
1
1
1
1
1
1
1
1
1
1
1
1
1
1
1
1
1
1
1
1
4
1
92
110
37
-200
1
14
1
5
1
2
1
1
1
1
1
1
1
1
1
1
1
1
1
1
1
1
1
1
1
1
2
1
143
139
-87
-16
1
10
1
19
1
4
1
1
1
1
1
1
1
1
1
2
1
2
1
1
1
1
1
1
1
2
2
2
