162
166
-47
-105
0
2
0
2
0
2
1
6
1
1
1
1
1
0
2
0
0
0
1
1
1
1
0
0
1
1
5
1
127
156
0
-181
0
6
1
7
1
5
3
23
1
7
3
4
1
1
7
3
0
0
2
0
0
1
0
0
3
1
8
2
132
137
62
-211
0
12
2
7
2
7
2
5
1
16
3
6
1
1
7
7
0
0
2
0
0
1
0
1
3
4
13
4
147
124
60
-217
0
4
2
5
2
6
3
2
2
8
2
2
2
0
4
1
0
0
1
0
0
0
0
3
1
4
22
1
129
119
77
-209
0
2
2
2
2
6
2
1
1
4
1
1
3
0
2
1
0
0
1
0
0
0
0
2
1
4
25
0
131
100
78
-226
0
1
1
2
2
5
2
1
1
4
1
0
3
0
2
1
0
0
0
0
0
0
0
1
0
4
52
0
135
84
95
-241
0
1
1
4
3
8
4
1
1
5
6
0
2
0
1
1
0
0
0
0
0
0
0
0
0
2
46
0
131
79
119
-262
0
4
1
6
1
8
3
1
1
6
4
0
1
0
1
1
0
0
0
0
0
0
0
0
0
1
29
0
131
101
134
-255
0
11
1
6
1
6
1
1
0
7
3
0
1
0
0
2
0
0
0
0
0
0
0
0
0
1
13
0
121
108
138
-246
0
6
1
3
1
7
1
2
0
4
3
0
1
0
0
2
0
0
0
0
0
0
0
0
0
2
39
0
138
127
100
-229
0
5
3
4
1
15
3
7
0
2
9
0
3
0
1
3
0
0
1
0
0
0
0
1
1
4
77
0
107
137
23
-203
0
3
4
6
2
15
11
6
1
3
11
1
5
1
1
3
0
0
1
0
0
0
0
2
5
4
129
1
103
106
21
-81
0
11
2
4
1
14
8
4
1
2
4
1
3
1
3
3
0
0
2
1
0
1
0
2
10
1
146
1
164
104
-57
14
0
41
2
31
2
3
3
9
5
3
2
1
1
2
11
2
0
0
1
0
0
0
0
0
2
5
22
16
137
190
-40
-70
0
18
2
29
4
2
2
11
3
14
2
2
0
1
13
2
0
0
1
0
0
0
0
0
1
1
10
3
106
208
1
-167
0
37
1
26
1
3
1
5
3
12
3
3
0
0
7
3
0
0
1
0
0
0
0
0
1
1
11
1
158
209
90
-225
0
20
2
43
1
1
2
2
3
5
2
2
0
1
4
2
0
1
1
0
0
1
0
0
0
3
50
1
139
220
111
-241
0
6
2
46
1
1
1
1
2
3
1
1
1
0
1
1
0
0
0
0
0
1
0
0
0
6
60
1
116
219
150
-239
0
7
3
85
4
1
2
2
3
2
4
1
1
1
1
1
0
0
0
0
0
0
0
0
0
5
37
1
148
215
171
-244
0
7
4
98
4
2
3
1
3
2
21
1
2
1
1
1
0
0
0
0
0
0
0
0
0
3
43
1
158
221
153
-265
0
53
3
20
1
1
1
0
0
1
6
0
0
0
0
2
0
1
0
0
0
0
0
0
0
1
20
1
146
219
161
-267
0
68
6
9
1
1
0
0
0
3
3
0
0
0
0
3
0
0
0
0
0
0
0
0
0
0
9
1
146
207
156
-235
0
36
6
9
1
1
1
1
0
4
2
0
0
0
1
2
0
0
0
0
0
0
0
0
0
0
8
1
169
201
129
-184
0
27
4
8
1
1
5
6
1
2
8
0
1
0
1
2
0
0
0
0
0
0
0
0
1
1
21
1
123
215
4
-118
0
11
3
10
0
2
17
8
2
1
13
1
3
2
2
2
0
0
0
0
0
0
0
1
2
2
105
1
69
206
-85
20
0
19
8
8
1
11
16
9
5
1
11
2
3
3
4
3
0
0
1
0
0
1
0
3
7
3
98
3
202
208
-86
103
0
43
1
56
1
0
1
2
6
5
0
0
0
0
6
0
0
0
0
0
0
0
0
0
0
2
7
5
141
183
-48
-18
0
9
2
11
2
0
0
1
1
13
0
0
0
0
3
1
0
0
0
0
0
0
0
0
0
0
2
0
108
187
1
-99
0
12
2
8
2
0
0
0
1
20
0
0
0
0
11
1
0
0
0
0
0
0
0
0
0
1
2
1
115
206
32
-93
0
4
1
14
0
0
0
0
1
9
0
0
0
0
6
1
0
0
0
0
0
0
0
0
0
2
12
3
121
181
130
-124
0
5
2
54
1
0
1
0
3
5
0
0
0
0
2
1
0
0
0
0
0
0
0
0
0
3
29
1
122
206
180
-142
0
5
1
129
3
0
1
0
5
2
0
0
0
0
1
0
0
0
0
0
0
0
0
0
0
1
12
0
115
219
167
-157
0
3
3
153
5
1
3
1
11
2
4
0
0
1
1
1
0
0
0
0
0
0
0
0
0
0
10
0
162
226
86
-212
0
8
3
128
5
1
1
1
14
2
2
0
0
1
1
4
0
1
0
1
0
0
0
0
1
0
12
1
132
232
49
-237
0
6
2
152
3
1
2
1
31
3
1
0
0
0
0
1
0
1
0
0
1
0
0
0
1
0
8
1
136
231
101
-236
0
5
2
111
1
0
4
2
61
1
0
0
0
0
1
0
0
0
0
0
0
0
0
0
0
0
5
0
90
229
100
-188
0
3
2
81
1
0
12
3
88
1
0
0
0
0
2
0
0
0
0
0
0
0
0
0
0
0
5
0
140
179
-30
-79
0
5
2
17
1
1
9
1
39
0
1
0
0
0
2
0
0
0
0
0
0
0
0
0
2
0
10
0
60
192
-127
66
0
15
1
2
0
2
2
1
6
1
1
0
0
0
1
0
0
0
0
0
0
0
0
1
1
0
6
1
193
207
-149
157
34
2
0
7
0
0
1
0
4
2
0
0
0
1
0
0
0
0
0
0
0
0
0
0
0
0
3
0
50
150
-66
42
1
11
5
4
1
0
0
0
2
8
0
0
0
0
1
1
0
0
0
0
0
0
0
0
0
0
0
0
178
150
45
-132
2
9
16
12
2
0
0
0
3
21
0
0
0
0
13
1
1
1
0
0
0
0
0
0
0
1
1
1
60
147
5
-102
2
7
6
18
0
0
0
0
1
10
0
1
0
0
17
2
2
4
1
0
0
0
0
0
0
5
5
5
120
118
189
-133
0
13
8
80
1
0
1
0
2
7
0
0
0
1
11
2
1
2
1
0
0
0
0
0
0
2
3
0
139
114
129
-150
0
4
1
128
1
0
1
0
4
4
0
0
0
4
4
1
0
0
0
0
0
0
0
0
0
1
2
0
144
107
137
-178
0
1
1
161
0
0
1
0
9
1
0
0
0
3
3
2
0
1
0
1
0
0
0
0
0
1
1
0
200
86
45
-139
1
2
0
159
1
0
1
0
43
1
0
0
0
1
1
2
0
1
0
1
1
0
0
0
0
0
0
0
177
120
10
-127
35
0
0
176
0
0
0
0
131
0
0
0
0
0
0
0
0
0
0
0
0
0
0
0
0
0
0
0
176
170
92
-109
221
0
0
183
0
0
0
0
127
0
0
0
0
0
0
0
0
0
0
0
0
0
0
0
0
0
0
0
30
199
63
-140
90
0
0
170
0
0
1
0
147
0
0
0
0
0
0
0
0
0
0
0
0
0
0
0
0
0
0
0
89
184
-38
-96
0
7
0
169
0
0
3
0
129
0
0
0
0
0
1
0
0
0
0
0
0
0
0
0
0
0
0
0
73
154
-143
125
0
51
0
19
0
0
1
0
15
0
0
0
0
0
0
0
0
0
0
0
0
0
0
0
0
0
1
1
205
49
-126
126
15
0
0
3
0
0
1
0
4
1
0
0
1
1
0
0
0
0
0
0
0
0
0
0
0
0
5
0
94
107
-21
35
1
5
3
12
0
0
0
0
4
8
0
0
0
1
1
3
1
1
0
0
0
0
0
0
0
0
2
1
180
184
29
-82
6
18
28
63
2
0
1
0
5
14
0
0
0
0
11
2
4
8
1
0
0
0
0
0
0
2
1
1
76
171
-10
-99
13
11
26
30
1
0
0
0
1
2
0
0
0
0
13
5
4
47
2
0
0
0
0
0
0
9
2
2
115
170
159
-165
0
6
20
67
0
0
0
0
1
2
0
0
0
0
11
1
1
35
2
0
0
0
0
0
0
3
2
1
131
135
135
-207
0
1
1
30
0
0
0
0
0
2
0
0
0
2
13
1
0
5
1
0
0
0
0
0
0
7
9
2
106
107
215
-180
0
3
0
25
0
0
0
0
0
1
0
0
0
2
15
4
0
5
0
1
0
0
0
0
0
5
21
3
122
75
256
-191
0
3
1
73
0
0
0
0
1
1
0
0
0
0
41
10
0
3
1
0
0
0
0
0
0
5
6
6
192
31
198
-213
0
0
0
188
0
0
0
0
28
2
0
0
0
0
21
1
0
0
0
0
0
0
0
0
0
0
0
0
164
13
135
-207
2
0
0
230
0
0
0
0
28
0
0
0
0
0
2
0
0
0
0
0
0
0
0
0
0
0
0
0
57
12
68
-231
2
0
0
225
0
0
0
0
35
0
0
0
0
0
1
0
0
0
0
0
0
0
0
0
0
0
0
0
131
68
-44
-103
0
12
0
226
0
0
0
0
24
0
0
0
0
0
7
0
0
1
0
0
1
0
0
0
0
0
0
0
72
133
-151
129
0
25
0
124
1
0
1
0
22
0
0
1
0
0
1
0
0
1
1
1
2
1
0
0
0
1
1
2
195
99
-103
89
0
2
0
2
0
1
0
0
1
7
0
0
1
0
1
0
0
0
0
0
0
0
0
0
0
0
12
0
181
99
8
-68
1
2
0
1
0
0
0
0
0
15
0
0
0
0
2
0
0
0
0
0
0
0
0
0
0
0
13
0
137
88
38
-41
4
5
2
18
0
0
0
0
1
8
0
0
0
0
7
1
1
4
0
0
0
0
0
0
0
1
4
1
71
81
-16
7
5
11
32
22
1
0
0
0
0
1
0
0
0
0
2
1
2
132
0
0
0
0
0
0
0
1
0
0
100
112
67
-56
0
8
12
17
0
0
0
0
0
0
0
0
0
0
1
0
1
179
0
0
0
0
0
0
0
1
1
0
136
123
70
-106
0
1
4
6
0
0
0
0
0
0
0
0
0
0
5
0
1
31
0
0
0
0
0
0
0
2
16
1
127
136
39
-52
0
7
3
0
0
0
0
0
0
0
0
0
0
0
1
0
0
3
0
0
0
0
0
0
0
6
12
6
72
110
117
-103
0
2
3
0
0
0
0
0
0
0
0
0
0
0
1
1
0
0
0
0
0
0
0
0
0
11
8
20
138
62
235
-127
0
2
8
6
0
0
0
0
0
0
0
0
0
0
18
3
1
1
0
0
0
0
0
0
0
9
9
8
133
69
185
-183
0
1
5
106
0
1
0
0
0
0
0
0
0
0
33
3
0
3
0
0
0
0
0
0
0
1
13
1
101
117
126
-130
0
7
4
116
0
1
0
0
1
0
0
0
0
0
32
2
0
3
1
0
0
0
0
0
0
0
3
1
157
132
-30
-61
0
23
1
167
1
1
0
0
2
0
0
0
0
0
50
1
1
2
1
0
1
0
0
0
0
0
2
3
75
159
-160
179
0
32
0
133
0
0
0
0
5
0
0
0
0
1
6
0
0
0
0
0
1
0
0
0
0
1
2
8
208
181
-99
108
0
6
0
0
0
1
0
0
0
9
0
0
0
0
50
2
0
0
0
1
0
0
0
0
0
0
7
0
178
173
21
68
2
1
0
0
0
0
0
0
0
2
0
0
0
0
21
0
0
1
0
0
0
0
0
0
0
0
2
1
140
162
24
57
17
0
4
2
0
0
0
0
0
0
0
0
0
0
3
0
0
17
0
0
0
0
0
0
0
1
1
1
76
139
-2
49
2
0
11
2
0
0
0
0
0
0
0
0
0
0
0
0
1
239
0
0
0
0
0
0
0
1
0
0
133
172
-30
30
0
0
6
0
0
0
0
0
0
0
0
0
0
0
0
0
2
254
0
0
0
0
0
0
0
0
0
0
114
165
-15
33
0
4
46
0
0
0
0
0
0
0
0
0
0
0
0
0
1
224
0
0
0
0
0
0
0
2
1
0
166
161
74
9
0
2
154
0
0
0
0
0
0
0
0
0
0
0
0
0
0
6
0
0
0
0
0
0
0
3
0
1
88
188
60
-1
0
0
168
0
0
0
0
0
0
0
0
0
0
0
5
0
0
0
0
0
0
0
0
0
0
8
0
8
80
177
203
-10
0
0
150
0
0
0
0
0
0
0
0
0
0
0
24
0
0
0
0
0
0
0
0
0
0
9
1
9
145
128
161
-6
0
1
91
10
0
1
0
0
0
0
0
0
0
0
102
2
0
2
0
0
0
0
0
0
0
3
5
2
95
127
108
-68
0
1
10
8
0
0
0
0
0
0
0
0
0
0
168
1
0
1
0
0
0
0
0
0
0
1
5
2
172
115
-27
18
0
2
3
27
1
1
0
0
1
0
0
0
0
1
124
0
1
1
0
0
0
0
0
0
0
0
1
1
74
138
-166
176
0
11
1
41
0
0
1
1
2
0
0
1
0
1
12
0
0
0
0
0
0
0
0
0
0
0
1
4
220
65
-91
78
0
2
0
0
0
0
0
0
0
2
0
0
0
0
123
0
1
2
0
0
0
0
0
0
0
1
2
1
106
34
-17
55
0
1
0
0
0
0
0
0
0
0
0
0
0
0
21
0
2
5
0
0
0
0
0
0
0
1
0
1
94
28
31
39
0
0
1
0
0
0
0
0
0
0
0
0
0
0
1
0
4
56
0
0
0
0
0
0
0
3
0
0
195
150
49
60
0
0
0
0
0
0
0
0
0
0
0
0
0
0
0
0
5
253
0
0
0
0
0
0
0
0
0
0
95
132
9
88
1
0
1
0
0
0
0
0
0
0
0
0
0
0
0
0
1
255
0
0
0
0
0
0
0
0
0
0
74
103
45
33
0
0
37
0
0
0
0
0
0
0
0
0
0
0
0
0
1
249
0
0
0
0
0
0
0
1
0
0
171
123
157
-35
0
0
232
0
0
0
0
0
0
0
0
0
0
0
1
0
0
15
0
0
0
0
0
0
0
2
0
1
118
94
107
-34
0
0
223
0
0
0
0
0
0
0
0
0
0
0
15
0
0
0
0
0
0
0
0
0
0
3
0
6
37
102
94
-38
0
1
213
0
0
0
0
0
0
0
0
0
0
0
27
0
0
0
0
0
0
0
0
0
0
15
1
16
134
129
169
-27
0
3
165
5
1
0
0
0
0
0
0
0
0
0
154
1
0
2
0
0
0
0
0
0
0
6
1
4
116
106
111
-66
0
1
6
4
0
0
0
0
1
0
0
0
0
0
200
1
0
3
0
0
0
0
0
0
0
1
1
2
192
107
-20
25
0
1
1
2
0
0
0
0
1
0
0
0
0
0
96
0
1
2
0
0
0
0
0
0
0
0
1
1
75
104
-153
135
0
2
0
4
0
0
0
0
1
0
0
1
0
0
12
0
1
0
0
0
0
0
0
0
0
1
1
5
214
129
-106
91
0
10
1
0
0
1
0
0
0
1
0
0
0
0
63
1
8
5
0
1
0
0
1
0
0
1
1
2
48
141
-3
-15
0
3
0
0
0
0
0
0
0
0
0
0
0
0
12
0
10
22
0
0
0
0
0
0
0
2
0
1
172
149
126
-7
0
1
0
0
0
0
0
0
0
0
0
0
0
0
0
0
46
116
0
0
0
0
0
0
0
3
0
0
194
123
53
43
1
0
0
0
0
0
0
0
0
0
0
0
0
0
0
0
12
234
0
0
0
0
0
0
0
0
0
0
76
93
96
20
0
0
1
0
0
0
0
0
0
0
0
0
0
0
0
0
3
232
0
0
0
0
0
0
0
0
0
0
82
117
104
-50
0
0
13
0
0
0
0
0
0
0
0
0
0
0
0
0
1
233
0
0
0
0
0
0
0
1
0
0
135
63
145
-95
0
2
115
0
0
0
0
0
0
0
0
0
0
0
5
0
1
82
0
0
0
0
0
0
0
2
0
3
148
73
121
-169
0
1
144
1
0
0
0
0
0
1
0
0
0
0
29
0
0
2
0
0
0
0
0
0
0
2
0
3
52
102
150
-181
0
19
40
1
0
0
0
0
0
1
0
0
0
0
47
1
1
4
0
0
0
0
0
0
0
1
0
2
124
137
136
-179
0
37
19
8
2
0
0
0
0
0
0
0
0
0
97
7
4
26
1
1
0
1
0
0
0
2
1
2
97
91
100
-165
0
4
1
5
0
1
0
0
1
0
0
0
0
0
102
6
4
15
0
1
0
1
0
0
0
0
2
1
179
92
-7
-25
0
2
0
1
0
0
0
0
1
0
0
0
0
0
24
1
1
2
0
0
0
0
0
0
0
0
1
0
77
95
-168
155
0
5
0
3
0
0
0
0
2
0
0
1
0
0
10
0
1
1
1
0
0
1
0
0
0
1
1
2
228
151
-91
49
0
8
0
1
0
1
0
0
0
1
0
0
0
0
47
1
4
3
0
1
0
0
1
0
0
1
2
1
77
160
-5
55
1
3
0
0
0
0
0
0
0
0
0
0
0
0
14
0
4
5
0
0
0
0
0
0
0
0
1
1
170
137
137
9
0
1
0
0
0
0
0
0
0
0
0
0
0
0
1
0
67
33
0
0
0
0
0
0
0
0
0
0
166
108
62
-25
8
0
0
0
0
0
0
0
0
0
0
0
0
0
0
0
87
83
0
0
0
0
0
0
0
0
0
0
44
113
81
-29
0
0
0
0
0
0
0
0
0
0
0
0
0
0
0
0
54
155
0
0
0
0
0
0
0
0
0
1
103
106
53
-9
0
2
2
0
0
0
0
0
0
1
0
0
0
0
2
1
12
188
0
1
0
0
0
0
0
1
0
2
131
117
112
-35
0
6
8
1
1
0
0
0
0
3
0
0
0
0
13
3
7
101
0
5
0
0
0
0
0
1
1
6
127
96
139
-74
0
21
13
6
1
2
0
0
2
5
0
0
0
0
30
4
2
7
0
1
0
0
0
0
0
1
3
3
88
123
149
-84
0
58
5
4
1
1
0
0
1
2
0
0
0
0
34
12
8
11
1
1
0
1
0
0
0
1
1
2
118
112
83
-66
0
44
4
9
1
1
0
0
1
1
0
0
0
0
37
10
13
25
1
1
0
1
0
0
0
1
1
4
125
165
106
5
0
10
1
6
0
1
0
0
1
0
0
0
0
0
36
2
2
9
0
0
0
0
0
0
0
0
1
1
150
163
15
72
0
2
0
1
0
0
0
0
1
0
0
0
0
0
8
0
0
1
0
0
0
0
0
0
0
0
0
0
73
111
-160
167
0
10
0
2
0
0
0
0
1
0
0
0
0
0
3
0
1
1
0
0
0
0
0
0
0
0
1
0
211
58
-100
14
0
4
1
3
0
1
0
0
1
2
0
0
0
0
56
3
5
3
0
3
0
1
1
0
0
2
4
5
112
38
8
-26
0
2
1
4
0
0
0
0
0
1
0
0
0
0
30
0
3
1
0
1
0
0
0
0
0
1
1
3
148
74
157
-94
0
3
0
6
0
0
0
0
1
0
0
0
0
0
7
0
19
4
0
0
0
0
0
0
0
0
0
1
159
62
72
-105
1
1
0
1
0
0
0
0
0
0
0
0
0
0
2
0
21
8
0
0
0
0
0
0
0
0
0
3
70
73
104
-84
0
2
0
1
0
0
0
0
1
0
0
0
0
0
2
0
19
14
0
1
0
0
0
0
0
0
0
2
143
77
150
-79
0
3
1
3
1
0
0
0
1
2
0
0
0
0
9
1
15
31
0
6
0
0
0
0
0
0
0
3
113
75
147
-73
0
5
1
2
1
1
0
0
2
2
0
0
0
0
6
1
4
9
0
5
0
0
0
0
0
0
2
6
118
73
197
-74
0
5
1
8
1
2
0
0
4
3
0
0
1
0
5
0
1
1
0
1
0
0
0
0
0
0
6
2
102
76
184
-93
0
3
1
6
0
2
0
0
3
2
0
0
0
0
5
0
2
2
0
0
0
0
0
0
0
0
2
1
129
82
137
-88
0
4
1
6
0
2
0
0
1
1
0
0
0
0
6
0
3
3
0
0
0
0
0
0
0
0
1
1
119
76
101
-49
0
1
0
2
0
1
0
0
0
0
0
0
0
0
5
0
1
2
0
0
0
0
0
0
0
0
1
0
140
45
4
5
0
2
0
1
0
0
0
0
0
0
0
0
0
0
3
0
0
1
0
0
0
0
0
0
0
0
0
0
80
48
-152
102
0
14
0
2
0
2
0
0
1
1
0
0
0
0
4
0
2
3
1
1
0
0
0
0
0
0
1
1
171
86
-96
-4
0
28
2
8
1
3
0
0
1
1
0
1
0
0
15
26
6
10
1
13
1
2
2
1
1
6
4
6
129
55
1
-184
0
7
3
8
1
1
0
0
1
1
0
0
0
0
35
8
6
8
0
14
1
1
1
0
0
8
1
15
131
37
142
-244
0
2
1
8
0
0
0
0
1
1
0
0
0
0
23
1
7
2
0
4
0
0
0
0
0
1
1
3
131
31
195
-245
0
1
0
5
0
0
0
0
0
1
0
0
0
0
10
0
3
1
0
4
0
0
0
0
0
0
0
1
121
46
216
-277
0
1
1
5
0
0
0
0
1
2
0
0
0
0
8
1
6
3
0
8
0
0
1
0
0
0
1
1
134
73
211
-325
0
3
2
10
1
1
0
1
3
10
0
0
0
0
21
6
4
6
0
18
1
1
1
0
2
0
2
1
137
100
176
-333
0
8
3
8
1
1
0
2
2
11
0
0
1
0
10
9
1
2
0
4
0
0
0
0
1
0
2
1
124
118
187
-324
0
7
2
8
1
1
0
2
1
12
0
0
0
0
5
2
0
0
0
0
0
0
0
0
0
0
1
1
101
130
138
-304
0
4
1
5
0
2
0
1
1
7
0
0
0
0
6
2
1
0
0
0
0
0
0
0
0
0
1
1
112
141
134
-283
0
2
1
8
0
4
0
0
1
2
0
0
0
0
5
1
1
1
0
0
0
0
0
0
0
0
2
1
113
121
93
-240
0
3
1
4
0
4
0
0
0
0
0
0
0
0
2
1
2
2
0
0
0
0
0
0
0
0
2
1
111
93
-12
-163
0
7
0
2
0
1
0
0
0
0
0
0
0
0
1
0
3
3
0
0
0
0
0
0
0
1
1
1
121
74
-147
49
0
32
1
7
0
7
0
1
1
0
1
0
0
1
2
2
12
11
1
1
0
1
0
0
0
4
4
4
157
123
-72
-46
0
20
1
7
0
1
0
0
1
0
0
1
0
0
2
17
1
2
0
3
1
0
0
1
1
1
1
1
107
110
-19
-138
0
16
2
12
0
1
0
0
1
1
0
1
0
0
4
24
2
7
0
13
1
0
1
1
1
2
1
4
129
114
113
-197
0
19
1
12
0
2
0
0
1
1
0
0
0
0
3
6
5
11
1
15
1
0
1
0
2
1
1
3
153
93
177
-229
0
8
1
7
0
1
0
1
1
1
0
0
0
0
1
2
4
7
0
24
2
0
1
0
1
0
2
2
126
110
207
-287
0
7
1
5
0
1
0
2
1
2
0
0
0
0
1
3
4
4
0
18
3
0
1
1
2
1
3
2
131
92
159
-304
0
9
1
3
0
2
0
7
1
3
0
1
1
0
3
8
1
2
0
8
1
0
1
0
3
0
3
0
131
85
143
-300
0
14
1
2
0
3
1
11
0
5
0
0
1
0
3
6
0
1
0
1
0
0
0
0
1
0
1
0
125
86
141
-289
0
9
0
2
0
2
1
7
0
7
0
0
0
0
1
2
0
0
0
0
0
0
0
0
0
0
1
0
118
89
111
-284
0
4
0
2
0
3
1
3
0
4
0
0
0
0
1
2
0
0
0
0
0
0
0
0
0
0
1
0
90
105
117
-279
0
5
0
3
0
6
0
1
0
1
0
0
0
0
0
1
0
1
0
0
0
0
0
0
0
0
1
0
108
101
103
-244
0
10
0
5
0
7
0
0
0
0
0
0
0
0
0
1
1
1
0
0
0
0
0
0
0
0
5
0
92
110
37
-200
0
15
1
5
0
3
0
0
1
0
0
0
0
0
0
0
1
2
0
0
0
0
0
0
0
1
3
1
144
139
-87
-16
0
10
1
19
0
4
0
1
1
0
1
0
1
1
1
3
2
2
1
1
0
0
0
1
1
3
2
3
