-22
91
571
173
708
-24
-5
558
-20
-6
-39
-23
659
-30
-24
524
-33
453
172
-12
363
141
-48
605
-42
562
360
391
-13
-29
-17
478
-10
101
458
-35
-12
360
-22
-19
-2
-59
-86
-17
99
-19
-22
-29
-7
-14
212
178
-9
24
31
160
-19
-13
270
116
-31
-5
-18
350
283
127
707
-11
-6
376
-13
-36
211
-31
-54
-38
75
-7
-61
-15
-24
-2
277
-9
-19
-34
-13
209
42
457
465
87
-20
-21
86
276
152
-5
982
189
-4
218
-16
-39
22
-37
-46
-58
129
58
-71
-32
-27
104
269
-24
-34
-27
-23
100
106
774
464
-12
-40
-26
-5
199
75
-15
1171
298
67
245
-19
-32
-1
-49
-49
-51
63
39
-59
-39
-18
198
277
-40
-18
-12
-24
17
125
576
506
-4
-36
-21
-8
296
142
-17
1186
412
112
435
-9
-38
242
-35
-54
-51
-9
-18
-53
-32
-14
106
399
-43
1
-12
-36
94
218
568
472
168
-37
-6
-12
235
142
-9
1066
356
-1
462
-19
-34
213
-41
-48
-49
-33
-31
-50
-29
-22
126
384
-38
-10
-13
-25
59
234
637
411
178
-34
-17
-12
329
352
-15
672
349
55
569
-22
-14
294
-31
-33
-42
-17
-14
-48
-26
-24
62
431
-32
-32
56
8
267
132
566
352
102
-23
-39
-15
347
412
-23
544
262
216
639
-15
-14
231
-10
-30
-39
35
46
-34
-40
-29
43
288
-61
-32
-5
70
585
-2
392
234
180
-25
-50
-15
515
461
-35
499
468
168
589
-25
36
165
39
-1
-17
-12
-10
-29
-44
-37
141
235
-45
-13
139
181
465
219
215
355
245
-35
-39
-23
383
444
-18
576
533
91
508
-17
0
334
164
-15
-13
-14
-14
-39
-56
-33
141
370
-41
-10
199
165
323
134
354
379
51
-25
-37
-14
261
210
-12
548
408
-12
532
-14
-16
266
142
-20
-6
-13
0
-33
-51
-25
4
92
-17
-13
325
32
223
124
34
340
291
-19
-13
-7
39
465
37
109
127
-8
604
54
32
212
-18
38
-17
272
-18
-49
-39
-7
-1
-11
87
-34
60
-14
402
402
-11
470
386
-8
128
186
-14
505
-11
-5
217
71
321
70
38
370
224
240
95
438
-25
100
23
-3
3
99
0
366
102
87
481
270
-32
0
339
-3
11
318
-7
306
172
-29
-5
-16
403
375
-23
401
-23
-63
23
224
-14
-2
-33
288
-14
19
127
0
202
81
57
-7
23
122
-19
-15
-9
295
-4
389
81
-16
-22
-23
323
381
-26
365
45
-26
208
204
-19
-5
-36
74
117
51
0
267
52
-6
242
220
45
207
53
-22
-17
342
-18
379
8
-6
-26
51
244
297
-31
204
326
-9
-2
279
-38
-12
-10
-11
121
-3
-11
40
-11
-18
226
561
-11
228
-1
-18
-32
347
-26
247
-25
301
60
-1
138
199
-43
354
410
24
-3
387
-37
0
-1
-35
-9
15
-24
9
-19
-40
224
609
85
253
-21
-28
-51
87
-21
260
-42
225
-1
-20
122
78
-33
492
409
-5
-3
272
-36
-16
-8
-37
-26
50
-30
156
-12
-30
234
519
166
287
-17
-32
-40
155
-30
514
-27
157
71
-13
136
7
-34
559
406
-16
-2
177
-33
-16
-14
-45
-14
76
-30
166
-17
-11
291
494
94
280
-23
-32
-38
114
-25
640
-40
-18
-6
-4
291
-10
-14
661
158
-23
-1
199
-17
-36
-34
-59
-17
211
68
81
173
310
306
248
240
382
-21
-33
-21
159
-13
580
-51
-14
-5
-2
449
-13
-27
584
15
-32
-18
80
-18
-24
-37
-33
-24
280
-2
282
294
299
149
165
75
294
-21
-42
-13
332
-10
464
-68
-13
1
-19
365
-15
-28
643
-23
-13
-20
-20
-49
-24
-37
-25
-15
292
-2
162
99
199
35
174
366
341
-28
-58
-15
387
-26
499
-45
-11
-8
29
274
-9
-32
658
-10
-14
-3
25
-41
-18
-45
-8
-21
355
146
90
159
38
91
149
255
172
-1
-37
-17
325
-32
405
-24
-10
63
-2
148
116
-23
614
-12
-35
3
334
74
-25
-57
-22
-15
151
6
20
223
-12
120
127
129
260
-12
-10
-25
89
-30
642
-30
-18
62
-43
191
308
-9
613
-7
-17
10
562
-16
-41
-25
-25
-13
-10
103
-2
-9
-17
179
331
263
579
70
90
-23
398
-36
370
-18
-23
-1
454
397
4
-33
146
400
-24
190
625
-18
95
-20
70
48
-20
-6
72
-3
62
125
-5
-5
70
406
-19
-7
322
26
4
-22
-19
-7
-26
852
466
-23
221
-22
-129
-39
171
-5
-31
-49
-4
-53
-2
-9
75
65
21
-18
-31
139
183
-49
1
-43
31
181
253
145
-15
-31
-12
417
552
-28
236
-3
-55
114
92
-23
-7
-41
196
-6
60
-16
253
-4
-9
6
0
-13
18
-7
4
-16
351
-10
303
160
-14
-11
-12
282
281
-56
246
24
-8
119
0
-23
17
-14
80
176
-3
-9
274
157
-4
103
245
-22
125
41
-1
-10
556
-34
262
-12
109
-3
-28
358
308
-39
357
184
-11
27
43
-25
-19
-20
-27
-23
-6
-32
136
148
-33
200
320
-13
62
-33
-13
-27
191
-29
73
-15
176
-9
89
326
388
-33
384
290
-37
-4
-1
-55
-27
-23
-30
-44
-10
-39
47
-3
-28
167
136
-40
-5
-53
39
-52
0
-27
379
-1
135
-19
25
174
265
-35
414
289
-7
49
-10
-55
-25
-13
-11
-19
-14
-31
207
-8
-2
198
147
-43
-3
-28
-16
-21
230
-28
146
48
83
-15
380
178
193
-21
410
81
-39
-9
-1
-42
-17
-30
-41
-39
-1
-16
-20
43
160
-7
65
-14
52
-55
-40
-19
132
25
132
-20
109
-9
557
297
89
-44
260
107
-49
-10
252
-8
-13
-13
-17
-21
144
-10
-19
115
300
-22
142
-40
106
-35
-62
-7
104
148
246
-30
111
200
274
423
100
-59
446
-2
-31
-21
57
-13
-9
-16
95
-16
216
-1
56
70
198
-12
200
-27
32
-13
-76
69
243
-3
411
-5
135
292
-40
487
82
-57
597
43
-36
-13
150
27
-12
-30
158
-11
312
38
245
217
152
-4
213
-19
104
-2
-44
227
400
-3
279
-10
147
-7
-35
659
118
-44
491
-19
-47
-21
208
146
-15
-53
-21
-52
369
199
144
107
81
-11
-4
-5
94
-4
-10
41
434
-15
485
-35
11
-4
-42
452
282
-31
490
-14
-20
-5
596
57
-22
-29
-36
-27
223
146
318
-25
144
251
49
7
428
234
168
-16
521
-32
395
-28
-26
-13
998
345
179
-13
219
127
-71
-22
811
460
-5
-37
128
236
-20
605
-44
272
-19
483
-8
437
-12
344
1050
-32
516
-32
73
-22
189
-14
-42
721
92
-50
-10
-16
-88
-27
76
-33
-25
-78
-5
-23
229
98
48
20
-36
-17
-39
-29
43
-37
-24
-27
92
98
182
137
67
-27
194
124
343
-33
0
170
-36
-8
21
-29
-6
-26
-2
-14
118
-6
-14
-26
-18
-30
85
-39
-23
-14
-28
103
322
-36
235
313
-4
-13
-41
-8
332
-66
29
113
-15
-19
81
180
158
-12
50
83
91
-5
-10
-1
120
-16
70
-25
0
-12
-2
44
405
-28
446
-11
49
-5
-39
192
287
-32
57
244
92
-9
-20
-42
-4
-20
-5
-3
42
-11
179
93
-16
32
177
-45
-15
122
-14
-8
426
-22
90
40
350
3
-24
160
654
-29
148
415
8
-9
-9
-41
-15
-44
-13
-35
47
-43
-5
-20
-30
20
-2
-74
-24
-38
-16
-23
-8
-15
329
237
245
-14
-39
-6
437
-30
87
374
291
-3
-23
-55
17
-2
-11
-21
27
-11
28
-20
-6
-3
41
-48
-27
-35
-17
-18
146
-25
-3
337
621
-20
-10
-11
496
-46
-2
475
-34
-19
70
-38
-26
-17
-28
-32
206
-10
-18
2
-12
-22
-4
-69
-18
-56
-17
-26
-14
98
-48
-9
1005
-5
849
-34
251
-37
8
364
-77
-28
36
524
-51
-43
-29
-2
554
-60
-61
-39
-19
-6
-3
-123
-24
-46
-22
-30
-30
196
-79
-18
1135
-14
1256
-48
241
-7
106
418
-90
-47
603
1292
-72
-41
-18
188
265
-70
-114
-58
-51
-3
-35
-135
-18
-37
-60
-10
-51
219
-73
156
1143
12
-9
-32
362
-28
256
621
-84
-50
815
970
-74
-25
-29
204
10
-52
-98
-40
-43
-17
-43
-118
235
-54
-43
98
-58
176
-6
297
572
2
-61
146
441
-43
238
299
-33
-9
284
-23
-34
-6
-24
-24
190
-2
-24
91
-2
-43
-13
-77
30
-29
-33
141
-3
99
387
75
91
-21
-34
327
271
-25
242
175
-27
75
463
-16
-18
-24
-12
-31
91
109
181
-18
110
18
-20
-48
410
212
332
-21
206
-24
119
-18
-23
99
-1
105
-9
-25
226
-13
-56
-22
-10
369
-25
-49
89
355
-18
677
-14
249
-30
626
-16
65
-44
230
402
-7
284
-45
217
-7
-16
2
-7
285
-15
-57
-4
-1
-31
249
159
-1
-11
-49
261
-5
-8
361
40
343
38
284
-9
-36
-33
-6
-43
-17
315
102
212
-3
-23
-17
443
0
248
-26
115
94
-22
332
301
244
-2
-22
146
-39
-9
299
-11
164
87
-4
93
-8
-8
177
-43
229
441
-18
156
243
-15
-23
55
-35
310
-30
-28
309
-6
110
394
543
186
-37
-19
15
102
173
-11
-1
296
56
188
67
66
-6
-28
0
431
-19
396
101
-10
-14
-5
-19
21
-30
-27
278
62
174
116
-19
-1
-52
-14
19
74
124
-12
77
160
-3
106
-14
48
114
-18
-33
128
-4
401
278
-7
69
263
-16
518
-7
-1
607
526
-2
19
39
190
-81
-9
268
-18
-3
219
149
-9
221
3
-10
-36
12
-67
116
256
-61
484
147
-10
20
275
-19
273
-36
78
410
415
85
124
-40
120
-18
-29
-9
-12
-1
219
226
198
259
262
-8
-35
-6
-29
8
189
-57
471
-6
-1
-15
2
-14
42
-44
-17
314
375
26
-12
-61
235
-7
-2
-24
-1
225
200
117
319
180
336
-18
-32
-20
-30
-19
109
-52
61
203
395
-6
118
-26
-5
-43
17
623
127
-9
-59
-53
98
-16
0
-15
410
-4
230
-4
197
198
177
-37
-43
-30
-20
-26
-9
-36
-26
355
528
-30
-18
-26
176
-20
-2
908
-18
-35
-44
120
-31
-28
53
75
400
-46
-25
-36
-14
288
-4
-87
-27
-35
-27
-9
-33
152
-23
497
676
-15
-108
-39
366
-40
-13
968
-17
-26
-23
166
-38
-29
-12
-8
160
-37
-49
-23
-1
-12
-21
-101
132
-33
-12
-5
-66
155
158
272
457
-14
-73
-10
405
-23
-18
509
148
72
-18
-30
-17
-9
-8
-12
168
136
-24
-3
-7
-26
-14
-51
-5
-18
-10
-10
-23
45
318
251
217
-30
-37
385
496
31
224
321
-35
34
399
-22
-15
-14
254
-23
98
297
-7
-24
-32
-10
-20
-36
585
118
426
-19
41
-16
178
-8
-12
-16
-7
55
-18
-54
-8
-1
-40
165
-40
-17
167
-44
-1
100
-21
268
80
347
164
173
-18
197
-17
-1
98
-7
124
-14
162
17
-21
-26
678
-14
-9
-66
8
-16
-35
150
-37
28
-15
-16
-3
-6
-36
121
0
320
359
238
96
-44
-22
-4
-23
17
120
-13
-9
-29
-8
-27
354
-18
125
-42
1
-2
-31
400
-16
260
38
-21
29
0
-44
-37
215
99
-6
271
123
161
-33
165
-47
235
415
-6
-4
-23
-8
-5
0
-37
262
-54
-49
102
-27
443
133
407
31
-89
-57
-29
186
-46
-23
-37
309
449
397
344
57
-3
126
-9
526
-16
604
-17
-49
-17
261
-19
259
-17
-29
311
20
530
2
97
175
-82
-37
24
-17
77
-30
23
386
358
318
139
-28
336
111
26
555
16
794
141
-60
-29
712
-18
540
-29
135
8
-24
191
-8
23
487
-70
-20
212
-59
39
-35
-1
-1
515
363
-1
-34
96
-38
218
474
-12
676
193
-30
277
811
52
274
-49
140
-25
-13
335
-16
-33
698
-87
-43
133
-26
-20
-18
105
102
236
486
-10
-6
-14
-17
303
740
-26
722
534
-24
373
102
215
146
-49
-10
-40
-7
249
-8
-35
611
-75
-27
3
-12
-27
-33
71
78
-7
522
-3
44
-17
-44
300
588
-58
572
835
-26
27
-3
366
246
-30
-26
-16
-26
148
-27
-38
369
-64
-5
-1
-9
-2
-1
-5
176
-15
307
22
-14
-31
-33
345
480
-90
444
409
-16
80
-19
104
208
-58
-29
38
286
-5
-5
149
359
-15
326
127
200
-17
-9
-21
372
-10
414
-13
-20
-27
-52
461
321
-64
214
138
-22
22
-30
-5
60
-34
-17
85
353
-5
-21
-5
293
-6
271
44
246
22
104
-18
272
-12
289
-24
-9
15
-25
238
1
-47
179
147
-3
62
-21
-18
335
104
76
311
-8
191
-31
-6
188
126
208
20
-23
-10
184
-32
-20
10
200
-8
-15
4
68
302
105
-26
177
409
55
32
-23
307
493
396
516
442
-31
308
301
-21
185
-12
251
28
-3
88
-26
-58
-2
-4
-11
-2
466
-6
931
-4
407
-24
18
-10
-38
-43
747
10
322
25
170
-7
-86
404
-14
-12
390
-3
216
-10
-28
142
321
-3
-29
-4
19
166
-14
31
673
208
62
-24
132
203
-50
-45
985
43
136
-8
492
-31
-74
11
-26
-12
274
-21
63
42
-26
0
292
-26
-7
178
140
-6
-48
-29
360
-12
378
-34
-24
-47
-42
-49
1120
-16
189
-30
102
-8
-47
554
212
551
236
-57
-26
-6
-32
-37
130
-14
-59
660
150
580
-62
-2
138
-12
471
-28
2
-23
-41
-36
636
-68
655
-68
-42
275
-46
642
729
529
0
-103
-88
-25
-16
-46
-31
-32
57
835
493
-15
-23
52
486
-23
314
-13
279
-29
-71
-44
948
-68
955
-23
-47
375
-16
750
989
831
97
-62
-87
-4
-58
-13
-69
-45
140
712
864
-57
-35
167
748
-7
472
-28
691
-33
-87
-48
1056
-3
847
-28
119
-61
-49
653
-31
260
593
-125
-34
-9
-60
180
-28
-3
167
633
514
-32
-50
109
397
200
879
-56
260
-15
-68
-44
822
54
759
-106
565
-109
-69
681
-39
252
969
-180
-5
0
-27
-24
149
218
-4
547
66
-23
-61
-18
71
599
1037
-69
447
518
-29
169
115
-21
695
-110
574
-66
-16
540
-6
461
1261
-168
-24
545
-2
-78
-19
-14
-13
347
178
384
-56
34
54
493
849
-54
491
499
-28
214
-1
-20
523
-37
399
-16
-28
194
32
131
1131
-112
-43
531
-18
-40
-30
-22
-24
175
24
429
-45
449
156
584
686
-77
716
219
-13
387
139
199
355
-35
268
108
129
236
33
-11
874
-77
-29
427
173
-56
-26
-19
247
176
231
173
-49
270
-28
500
615
-52
349
321
-9
50
-34
168
274
-20
95
37
67
27
170
181
309
-18
424
463
219
-32
19
-1
-3
76
-2
-15
19
232
12
462
413
-31
222
235
-26
173
-7
-2
300
132
112
180
-20
316
-14
-5
248
-9
296
94
-9
6
305
-16
-11
130
119
-8
46
71
354
485
379
-31
126
154
-35
144
-11
297
257
375
471
428
-67
600
285
-6
478
-24
396
-1
-28
347
-15
-10
-32
148
-30
-15
459
130
1070
99
428
-38
-11
-24
-32
-21
273
106
409
212
393
-6
-27
240
-46
-36
27
-36
160
0
-12
-1
397
-27
-19
-7
-7
298
-28
270
479
-2
-5
-60
-29
-37
-41
-23
-20
173
-7
49
316
-12
-27
325
-54
50
-14
-37
102
-3
-18
-22
189
-21
139
266
-18
148
-64
295
-9
-7
179
-28
-55
-73
-37
-17
290
-38
97
-29
150
330
-30
557
-9
-22
75
-37
-71
-27
-42
-18
189
-50
-42
712
-72
247
-65
579
-39
2
176
-41
-11
-48
-36
-71
1832
-99
790
-63
-31
570
-62
555
618
313
153
128
-73
-22
-89
-35
-32
-45
-40
1280
39
-111
-108
658
799
-11
363
-40
-7
-39
-32
-85
636
-90
964
-13
-37
588
-18
532
997
529
40
-41
-53
-39
-65
-28
-53
-44
-21
752
654
-101
-46
600
1277
173
270
-49
264
-35
-18
-50
125
-31
618
-9
-9
-33
123
465
-8
91
503
-106
-76
37
-12
71
-11
-38
209
636
696
-13
-35
48
731
115
361
-51
-22
64
-53
-25
361
-10
373
-31
435
-114
-33
211
-21
159
492
-77
-15
114
239
-33
490
138
-25
842
289
128
-96
-22
37
441
441
-54
-10
309
-66
118
-54
-42
444
-50
617
-64
-36
266
-31
632
439
-118
-27
457
228
-44
-50
70
77
713
-14
222
-100
173
371
612
387
-37
61
172
-40
208
-149
-36
290
-30
509
-14
-32
84
205
858
463
-82
-27
404
-2
-11
-45
-10
115
439
-7
549
-41
499
569
790
348
-43
363
130
-12
304
-56
139
114
127
178
148
135
28
248
-7
475
-17
117
195
113
29
-19
-13
59
150
41
150
-20
318
56
463
280
-12
263
84
36
263
-59
221
82
-3
140
-2
-13
-17
14
-3
153
-8
307
205
177
70
1
-11
-3
130
66
-14
17
325
1
387
448
-11
144
81
-15
183
-33
130
350
-13
188
104
-19
234
-36
-15
55
18
205
-4
135
26
215
-22
0
62
141
-3
30
-3
348
558
327
-27
53
-16
-27
362
-46
307
474
163
477
223
-19
469
-8
120
570
-16
392
-1
81
313
-17
-25
-31
186
-19
-9
388
233
978
414
407
-41
-1
-26
-42
-30
630
-5
212
148
298
129
-12
118
-27
-42
180
-29
133
1
-28
194
150
-12
54
-11
36
123
-13
183
233
19
131
-40
-3
-22
-36
-29
246
-15
-7
115
-3
96
-3
66
-6
-25
-6
-29
0
-10
-37
24
39
-39
-2
0
-26
-17
-7
264
-51
-10
111
-31
-37
-67
-58
-24
796
-72
89
58
-7
454
343
387
545
-57
-20
0
-33
-16
-105
139
-13
-54
-32
601
-39
-106
-17
512
-7
-21
271
-44
-26
-47
-28
-55
1443
-105
618
-13
-22
654
219
455
898
526
-26
112
-41
-25
-86
25
-41
-43
-11
1152
24
-144
-87
380
994
-9
356
-69
-2
-20
69
-58
-1
-60
411
57
51
367
84
570
633
291
105
-13
-26
-19
-34
-1
-28
-17
306
319
415
-49
-24
381
726
45
193
-41
184
41
155
-30
-36
-21
257
-9
-8
-26
204
354
161
104
260
-30
-32
-3
-15
309
-12
204
62
105
450
14
-16
18
73
39
-2
-42
217
0
0
82
-15
-15
126
-7
135
-40
-2
99
-23
-5
6
-36
-22
157
233
-13
132
300
46
542
458
-20
-66
52
-11
-10
-6
-8
119
620
-35
529
-53
-20
63
-6
377
-40
-47
110
-36
-10
-8
-49
-12
328
-12
-35
-4
239
435
524
-18
101
-66
180
-24
1
30
198
37
215
-4
336
-120
-11
230
506
312
86
-56
22
72
-3
-2
-41
-28
303
-24
-15
-9
34
261
130
-38
-5
-2
427
-29
38
-3
284
69
-1
-9
420
-60
37
224
518
-1
243
104
89
274
-18
212
-8
25
36
83
153
-1
-16
222
-8
-4
-8
85
296
-20
-7
-1
86
252
-14
21
202
-65
130
98
-11
105
68
24
43
-8
11
60
-8
283
27
47
196
-11
-19
152
-15
231
-18
151
123
-8
350
306
-10
7
-9
-20
79
-35
192
259
-1
227
229
-1
259
-39
-7
109
-15
225
71
-16
190
92
-8
-19
34
189
220
-8
57
150
234
359
-14
-2
-24
-10
316
-58
414
409
329
500
355
11
306
-20
-10
367
-9
146
7
16
302
-2
-24
-26
4
-7
222
410
-5
766
272
464
-27
215
96
-55
-17
836
-22
363
598
508
400
128
18
-26
-38
182
-42
278
47
-51
270
-9
84
275
-4
-21
130
-15
-13
562
-15
110
-43
-2
-4
-45
-48
762
-48
353
677
188
392
45
-3
173
-12
0
-16
51
-10
-76
53
97
-30
166
113
-29
-34
-16
-23
-3
-21
167
-49
-31
-38
-50
-47
851
-72
405
-1
134
710
429
197
388
-23
-22
-25
-27
-10
-103
175
-4
-50
41
466
-33
-119
-39
-1
173
-34
374
-53
-22
-32
-5
-55
923
-67
814
-47
-8
351
280
543
647
920
-36
-35
-23
-4
-91
229
-35
-28
207
649
-7
-102
-60
82
416
-12
389
-70
-30
65
90
-39
-26
-28
339
-22
46
-2
222
606
751
366
-9
-22
-7
-24
-53
312
-35
79
293
-4
218
-54
0
132
269
163
207
-57
-12
261
-7
-46
-27
-12
66
-4
-15
-45
258
419
319
23
51
-10
18
0
-35
343
-25
113
-8
-17
266
-41
1
125
172
200
-8
-44
180
-14
-4
-20
-8
73
130
-14
-4
136
257
232
126
-5
203
-14
198
-9
-10
68
48
-10
-19
103
262
-31
-15
124
-1
80
-4
-28
-2
-17
-3
-5
-35
60
-1
-11
-2
267
312
315
144
84
-6
-9
230
88
-26
-1
-10
6
-13
43
63
-25
-4
186
-21
16
96
-13
70
-16
58
-8
-54
120
144
55
127
300
120
359
297
121
33
-24
174
66
-19
-1
-9
77
65
-16
43
-8
125
268
-17
44
173
-6
-8
-15
-7
25
-23
34
117
298
100
241
16
395
56
-1
218
-35
179
-14
-24
193
-10
-18
243
-29
-10
-2
246
68
11
101
167
-13
148
-33
-13
14
-20
-1
150
369
203
123
-12
97
-11
5
209
-17
277
51
-25
79
-2
-7
-11
-1
161
-8
76
29
180
273
327
-15
47
-31
-22
57
-25
92
222
466
330
176
-5
84
21
307
330
-21
321
153
-21
192
40
3
-24
129
13
304
67
64
389
197
451
-28
39
-44
-25
169
-54
327
446
522
522
279
-16
257
-7
33
277
-15
146
54
-15
278
2
-27
-19
81
32
240
620
-18
948
326
454
-26
82
-17
-32
24
-15
-10
-3
413
270
22
198
178
-62
-48
111
-36
433
-8
-39
477
-8
149
30
-23
-40
318
-13
20
115
-1
-21
-51
-12
-20
-23
-20
-27
-28
-6
637
320
86
-3
19
-67
-16
174
-23
277
-10
-61
-5
238
-33
38
131
-46
86
-27
-24
-25
-2
-16
-55
-1
-18
-8
-5
-9
-31
254
544
455
411
144
41
-17
-29
60
-13
168
-2
-98
-7
-3
-30
86
90
-34
-55
-31
-14
-38
-12
67
-39
96
182
8
-25
-12
-23
169
240
195
0
285
336
-27
185
-14
-45
382
13
-66
161
23
-5
433
90
-7
-31
-42
-28
-47
-10
137
-37
-10
136
-18
-25
-37
-7
90
424
77
-10
44
215
76
-16
63
-38
364
-9
-58
263
13
89
158
-15
-4
-56
-1
-5
-18
39
102
-42
45
50
-12
-16
-5
-3
34
414
-1
-20
164
255
92
-34
135
-14
336
-10
-51
222
-4
211
-8
-16
63
-44
-8
147
-13
21
-14
-37
-13
-14
73
-12
-33
207
-12
102
-8
-12
44
137
-9
-18
69
-13
467
-14
-35
151
-4
191
-47
-20
4
-23
-16
199
-17
58
-17
-40
-26
-36
5
-2
-44
71
-25
153
-4
20
35
239
150
-12
58
-9
377
-13
-36
49
76
97
-49
-19
-8
-9
-2
229
-12
2
-12
-37
-16
-29
14
-11
-46
138
-17
258
-2
105
167
257
58
-2
49
-9
395
-10
-34
18
98
32
-50
-25
-19
-9
-1
173
-13
48
-8
-34
-12
-19
-10
-5
-39
4
-10
407
-1
63
147
311
-17
-15
136
-26
366
-3
-44
262
91
-12
-22
-29
-29
-7
94
106
-10
89
-4
-38
-12
-24
-21
-6
-70
28
0
549
154
111
-11
140
-26
100
189
-40
390
23
-30
191
122
-4
-7
-10
-14
57
72
230
-5
148
147
-30
-5
-31
-28
97
-89
142
84
525
255
130
-1
224
-34
397
204
-47
350
117
-25
180
-2
-2
-5
61
-16
224
-3
233
74
144
247
-36
35
-44
-31
212
-115
154
452
598
503
173
64
282
-42
24
190
-16
108
151
-32
331
-10
-34
-21
7
-2
340
512
-4
443
189
124
-38
244
0
-7
242
-26
22
144
205
-10
-2
366
180
-43
-30
333
-20
311
21
-23
581
-18
200
38
-16
-29
215
75
106
-4
299
-8
-34
-1
83
-12
-24
-16
148
-12
178
58
-7
36
12
-49
-16
273
-28
352
-28
-44
284
-4
-19
52
18
-39
-12
-2
-14
-36
304
-3
-41
46
287
-3
4
-25
60
164
294
252
254
-6
-12
-49
-44
249
-7
232
-23
-76
199
-8
-28
-2
104
-36
-20
147
-17
-39
187
-7
-40
291
145
23
-3
-40
65
346
386
400
255
23
-24
-25
-26
18
-24
199
-2
-65
167
79
45
-7
54
-36
-39
155
-15
-48
49
-9
-32
234
286
-16
-2
-36
132
251
508
201
221
71
-11
-7
-28
41
-23
240
-6
-76
204
8
80
-4
-4
-24
-38
196
28
-45
98
-10
-37
226
225
-8
1
-22
243
146
399
154
188
172
-5
-1
-21
160
-13
299
-18
-62
349
-8
185
0
-19
-18
-33
105
130
-44
232
-10
-35
164
185
-3
110
-17
355
103
99
56
39
-22
89
7
-6
-2
-16
428
-10
-25
-10
-8
205
-17
-16
-9
-14
42
164
-38
215
-12
-23
22
173
49
148
-16
375
159
164
107
23
-30
122
108
-5
-3
-9
342
-10
-20
-24
-9
156
-25
-21
-19
-18
121
132
-33
130
-15
-17
-7
113
153
171
-25
331
163
251
41
17
-28
61
100
1
-8
-3
405
-15
-25
-18
-1
69
-37
-31
-19
-20
280
32
-31
191
-17
-15
52
47
2
212
-37
279
51
210
44
-1
-5
171
-1
-20
-2
-13
343
111
-28
32
-14
53
-16
-30
-13
-9
316
4
-31
158
-7
-22
-10
-25
-17
204
-71
217
25
369
81
116
-7
208
-24
137
107
-24
387
67
-39
266
-28
-1
27
-32
-26
-8
348
100
-35
333
130
-34
-16
-21
-34
350
-97
212
199
259
200
149
-14
443
-43
365
281
-35
297
-4
-59
467
-31
0
-2
-28
-36
40
284
112
-20
261
186
-29
74
-11
-24
382
-91
319
485
334
364
261
122
326
-32
-15
439
-16
40
107
-41
542
-36
-12
-22
144
-18
363
601
-34
19
186
218
-34
260
144
145
318
160
237
161
249
-7
260
643
265
-22
-22
201
172
184
114
-1
291
123
248
-33
106
298
-14
199
375
187
165
-5
-25
294
281
11
-9
19
370
-21
219
-1
201
184
163
-6
-3
198
-8
85
122
120
165
265
190
135
417
70
-6
61
144
-12
28
16
-19
273
94
245
341
-16
485
-25
271
102
420
192
65
-4
-19
375
-4
259
167
49
295
247
179
179
438
113
-4
126
304
-16
186
147
-18
291
17
332
252
-9
473
-25
339
184
473
95
-6
342
46
389
39
367
135
-8
322
263
232
-1
521
71
-24
246
418
-19
215
93
-31
272
208
356
425
-17
419
-36
235
0
404
212
-6
441
159
150
256
271
172
-9
272
208
232
-12
335
197
-35
348
451
-30
277
-2
-21
199
139
267
486
-22
177
-33
209
-10
224
191
-7
385
186
-2
460
1
208
-9
172
72
195
-29
217
239
-38
283
374
-25
289
-9
-7
213
241
263
651
-13
75
-18
279
-20
75
18
-17
343
218
-23
312
-11
315
146
-15
-19
226
-15
262
195
-9
286
174
-20
102
-25
219
161
268
198
662
-5
38
-12
204
-17
27
-12
-16
304
203
-27
248
-10
342
166
-18
-36
296
-9
264
27
-1
332
34
-18
83
-25
234
142
190
263
706
-6
79
-7
94
-19
161
-19
-15
266
230
-33
150
-14
307
110
-27
-40
240
-17
206
25
-11
331
0
-21
56
-24
216
179
138
226
611
-23
126
-7
-6
-1
225
-4
7
151
166
-22
14
-15
301
110
-10
-35
158
-10
143
103
-19
351
-5
-20
122
-13
67
150
-15
63
926
-2
188
0
-26
-1
476
-7
220
45
415
142
-5
119
208
-6
10
-12
150
-31
312
27
22
289
-8
0
356
222
46
-11
-12
85
807
-22
-5
15
-39
119
570
-37
554
20
455
434
44
91
319
-40
-1
-26
259
-54
197
-40
204
565
-13
168
371
268
15
-11
-2
106
733
-18
62
163
-4
264
435
302
314
212
-29
509
335
-11
260
-12
338
-14
308
-58
207
-26
152
756
-38
433
-10
219
-31
-17
-84
565
574
-34
322
111
97
-50
119
29
-16
100
645
61
-46
165
-85
-17
-4
-46
66
-44
-6
648
-29
-30
466
335
414
126
227
-13
-27
412
228
-95
127
428
-2
-34
587
299
-4
52
456
94
-18
-42
11
-31
-29
-81
-8
-39
446
45
-21
-47
516
-4
169
338
72
-30
-25
437
244
-112
-16
495
-15
-29
626
372
-23
8
344
-1
-45
-3
-13
-26
-42
-18
-17
-39
21
-37
-11
-53
29
33
70
-5
-24
-63
-26
377
551
-120
-23
260
179
-16
538
287
-3
229
301
96
-35
-10
-12
-9
-11
0
10
-22
15
-47
-21
-37
140
-3
336
-14
-34
-71
-16
421
526
-107
-31
167
190
-15
385
297
132
180
507
144
-28
-30
-31
-12
48
12
181
-17
52
-51
-15
-41
256
-27
312
-15
-33
-59
-27
385
164
-95
-29
76
139
-23
531
307
184
-4
636
380
-30
-19
-35
-12
47
-9
55
-15
23
-29
-3
-51
121
-21
221
-14
-31
-38
-47
354
14
-106
-28
61
91
-23
397
287
179
146
554
341
-29
-28
-41
-19
-12
-11
-1
-31
0
-11
-8
-55
96
-20
259
-4
-45
-12
-53
288
59
-104
-15
180
-8
-25
290
486
-4
308
271
343
-18
13
-51
-12
-7
-14
-8
-16
-11
-17
-30
-34
-6
-15
253
-26
-55
-3
-55
381
168
-102
59
428
-19
-28
210
397
-25
461
199
179
55
-14
-53
-13
-6
-30
-1
-2
-20
-18
-29
-30
-9
40
414
-22
-60
-7
-19
365
159
-93
-8
439
-21
-23
360
205
-7
405
260
318
34
-9
-31
-27
81
-24
56
-17
-32
-6
0
-18
-7
172
589
157
-5
-27
-3
420
381
-81
-22
239
-16
-7
448
216
10
213
148
386
-17
211
-17
-37
44
-3
119
-32
-34
37
67
-9
-6
185
338
325
-11
-22
39
403
363
-42
-20
216
-20
201
463
142
10
213
293
196
-11
14
273
-35
143
-11
245
-35
-28
-11
93
-6
-2
46
235
-2
39
-12
-15
269
317
-21
-28
3
0
204
250
239
-13
47
133
29
76
76
407
-12
263
92
124
-21
-7
-26
163
-7
-20
-6
188
-8
273
323
-4
-7
425
-9
-4
221
-48
-2
97
114
177
104
-18
-31
94
-14
-21
96
121
126
-16
91
-15
152
241
30
-27
293
273
-4
206
203
-32
-33
-20
49
-21
436
-53
15
460
240
117
270
-8
-41
241
193
-42
370
196
5
-29
272
241
-17
129
80
-30
343
-29
-3
-6
8
-38
-36
-28
45
-22
152
-51
142
464
207
-2
183
-16
-39
139
277
-33
131
160
29
-18
419
-9
-22
277
-15
-39
404
-15
-37
-6
-17
-54
-14
-1
87
-23
90
-38
222
446
378
-15
97
-20
-39
85
68
52
137
378
141
-17
348
-12
-23
91
-24
-36
330
-6
-35
-13
-27
-29
-8
-8
-18
-33
228
-27
153
431
409
-9
-8
87
-35
-9
-11
28
11
398
130
-22
147
-23
-39
-11
-29
-43
-5
-18
-41
-19
-18
222
-15
-31
-14
-30
289
-39
0
491
374
-22
65
19
-29
-31
65
-13
-7
176
212
-21
140
-41
-29
-4
-23
-55
-3
-31
-48
-39
-12
251
-19
-41
-11
-30
226
-56
-8
530
387
-34
92
-10
-26
-16
0
-1
-25
301
302
-22
104
-33
-42
-1
-24
-59
-8
-26
-31
-48
43
231
-17
-41
-6
-28
243
-69
-11
466
540
-32
389
-16
101
-17
192
44
4
85
247
-33
140
-34
-26
109
-13
-68
127
21
-33
-33
73
145
-13
-23
-3
-21
136
-71
-24
372
504
-18
392
-13
33
53
172
146
52
-6
177
-34
277
-25
38
160
-2
-58
423
40
-46
-33
65
383
-11
-11
-2
-33
-4
-58
-23
533
647
-6
130
-16
-10
114
290
0
83
-14
179
-44
313
-34
-24
204
-1
-52
334
-12
-61
-39
136
288
-8
26
-9
-12
19
-61
-17
468
492
0
167
-16
-15
86
112
-8
55
-12
35
-33
168
-38
-19
136
0
-34
133
-28
-36
-39
53
-10
-19
106
-12
-13
246
-36
-5
479
471
-16
186
-42
-6
-1
107
-10
-19
96
213
-29
-4
-25
-52
70
-9
-29
-3
-35
-28
-34
242
0
-16
189
-3
-13
287
43
-5
322
288
-13
192
-49
-23
-8
211
-15
-9
162
267
-35
175
-16
-36
247
-12
-48
181
-7
-12
-14
211
18
-26
463
-8
9
755
-50
-13
247
230
1
114
-39
-21
142
3
-13
79
134
335
-42
617
76
-34
264
-22
-46
412
220
-57
-11
-3
-53
-34
126
98
147
242
-14
-12
637
311
-1
161
-54
-15
381
300
-38
212
85
377
-38
547
661
-20
-6
58
-26
635
-15
-27
-37
53
-32
-40
-4
93
-5
16
-43
75
358
161
120
83
-47
-36
51
139
-23
112
77
125
-15
410
269
-10
126
186
-18
646
-5
-41
-36
-8
-37
-31
294
30
-7
137
-42
-3
260
207
135
382
-30
-50
217
-4
50
94
298
96
-34
373
105
-27
145
21
-10
381
23
-35
-39
86
-31
-32
39
46
-15
351
-38
-16
341
317
-27
287
-9
-55
54
203
177
-2
297
345
-49
252
-1
-76
-17
-10
-43
206
-14
-38
-46
233
-19
-44
-8
155
-10
261
-51
-26
219
250
-55
193
-29
-67
-4
537
108
-1
65
405
-37
279
19
-55
-40
-5
-64
423
-36
-38
-66
122
4
-50
-13
20
-25
-7
-74
-32
269
63
-47
9
-30
-66
0
553
79
71
17
366
-35
357
-23
-60
-11
-8
-53
463
-38
-38
-44
13
-20
-44
-19
14
-16
-21
-61
-17
459
376
-18
157
-42
-18
-7
471
-6
49
59
571
-39
108
-28
-42
-32
31
-52
373
-31
-61
-16
-14
-38
-40
131
100
73
-30
-54
-7
545
457
165
33
-47
-4
97
135
131
-8
79
396
-39
180
-7
-36
-4
136
-38
346
-9
-73
-8
169
-17
-25
156
21
158
-16
-65
-6
347
296
364
-16
-31
-32
336
243
188
73
214
127
-32
524
-4
-33
197
149
-30
368
-2
-68
-13
186
-24
-22
86
-4
168
-14
-72
-1
305
236
421
-3
-24
-38
224
320
123
159
28
44
-25
505
-7
-17
280
175
-19
417
-8
-44
-17
-4
-34
-39
35
25
149
-16
-49
-4
547
221
-1
213
-40
-16
36
415
-6
165
-2
354
-29
549
44
-41
33
69
-29
405
-33
-43
-29
144
-32
-32
384
300
131
142
-8
-9
332
327
-11
312
-45
-19
-4
249
-32
203
-9
215
-25
739
-18
-10
-2
-1
-39
534
-2
-21
-19
266
-2
-62
624
42
255
682
29
-9
295
4
-18
84
-80
60
215
538
54
348
376
69
-39
884
-8
-78
206
-40
-52
263
125
-63
-44
-6
-10
-36
73
-33
280
-19
-17
-18
629
266
156
-28
-56
-3
347
157
-27
196
-14
22
-39
598
543
-41
236
290
6
973
162
-29
-32
239
40
-45
247
-15
75
-9
-42
101
453
150
175
-18
-50
-31
87
44
-27
-16
-15
10
-33
393
-11
-22
111
511
-1
625
272
-38
-27
-18
-18
-46
322
-9
99
124
-39
14
347
373
223
252
-47
-29
93
-8
-32
-18
57
48
-46
534
-15
-55
180
320
36
321
280
-52
-50
244
-8
-35
68
100
81
-20
-52
-16
220
190
122
298
-29
-59
227
202
41
-2
115
25
-37
521
-22
-31
160
137
-18
541
16
-41
-18
74
-29
-51
-8
-2
23
-8
-24
-15
324
103
-17
-10
-47
-57
235
574
-13
-21
-2
100
-37
253
-6
-52
-2
254
-38
818
-17
-34
-29
54
-2
-50
-20
-1
-18
-30
-51
-5
379
51
12
105
-59
-34
87
433
-26
-7
181
209
-26
225
-14
-33
-8
376
-33
513
-31
-40
-9
-11
-71
-46
-26
74
-2
-25
-25
-4
529
311
163
-16
-43
-11
146
725
-65
-24
-25
183
-35
117
0
-44
-26
420
-23
439
-43
-49
115
-18
-120
-52
-6
276
273
-35
25
129
538
467
36
-66
-63
-18
-2
632
-110
-22
-64
228
-48
381
161
-77
-47
99
-15
131
-68
-123
-17
9
-131
-56
364
380
739
193
128
100
466
352
-42
-104
-68
-44
-12
785
-133
94
-65
381
-57
453
-6
-107
-49
-36
-8
79
-78
-126
-33
115
-130
-53
274
194
547
290
126
91
480
462
-41
-97
-67
-70
-27
1138
-114
-4
-53
159
-26
305
-11
-107
-24
-29
-27
327
-92
-59
-38
13
-76
-43
-4
-13
124
-2
-25
-8
585
191
42
-39
-27
-26
33
854
-52
-2
-6
190
-27
166
-8
-55
-9
194
-22
582
-40
-1
126
147
-29
-34
272
174
96
-4
-6
-24
193
142
-17
162
-46
-22
234
680
-74
306
-2
206
-23
608
-22
-22
3
43
-32
543
-3
-26
69
102
-25
-42
-10
291
104
-50
178
-6
529
-15
-4
-4
-75
120
192
-1
-7
374
783
-2
141
577
-8
-51
221
11
-17
-1
-20
-57
-21
38
266
-14
-7
126
74
-29
-22
194
516
135
325
10
-18
91
139
-17
-4
4
169
-15
124
287
55
-25
187
176
98
-10
96
-42
-5
0
233
-29
298
220
247
0
-38
195
511
28
224
-2
-35
-1
-5
-23
-23
-9
172
43
-4
462
-26
157
187
291
58
59
318
-15
-10
-30
38
-36
278
64
230
191
-13
10
415
379
177
60
-69
86
-12
-13
-22
-61
180
46
-29
386
-6
-40
228
450
66
271
382
-54
-33
-12
105
-35
131
-8
-1
-32
-21
-5
220
359
232
140
-53
8
-12
-2
-8
-46
211
163
-28
185
-13
-29
285
564
-6
306
156
-46
-18
4
-1
-50
274
35
47
-25
-2
9
420
240
320
21
-60
-32
-5
-4
-29
-36
299
224
-21
85
-17
-30
133
683
-11
314
71
-40
24
161
295
-48
64
188
-18
-6
-43
78
141
203
385
486
-75
-28
-5
-21
-18
-39
219
66
-25
196
8
-20
124
695
-36
20
69
-65
-3
231
279
-31
-28
180
-34
-54
-49
233
-2
215
404
451
-45
-28
-11
38
-21
-36
262
-17
-6
162
148
-13
71
941
-33
-7
-5
-80
41
291
147
-35
-51
428
-34
-67
-40
463
88
235
309
228
-82
-25
-3
344
-51
-35
233
62
-6
66
-9
-14
-1
1022
-29
6
-41
-116
-20
155
-52
-30
-48
389
-3
-42
-11
531
143
322
43
-26
-104
-31
-10
434
-83
-28
-29
165
-17
-21
-25
-49
9
787
-10
169
-59
-88
-34
22
-84
-37
-32
175
-12
-13
54
453
351
438
-6
-34
-104
-31
-32
341
-78
-61
-40
-4
7
-42
-1
-48
109
778
-9
320
-67
-37
-50
-1
-20
-46
-5
-10
113
-34
-20
232
423
153
188
-5
-67
-2
0
420
-36
-23
-9
-2
1
-3
39
-23
45
624
-2
493
14
-14
81
-21
-36
-43
207
122
224
-7
374
-20
292
181
-1
20
-55
-7
25
586
-74
303
30
215
-26
433
-7
-14
232
218
-21
703
12
-21
-3
98
142
-30
-22
534
-11
-37
13
30
562
-18
-10
363
-62
90
-4
-26
-12
243
778
114
314
434
-2
-26
179
135
-12
-9
103
-75
-13
79
324
-31
-15
382
-15
-22
2
288
394
-17
101
235
-56
-13
-15
-50
-6
118
449
8
265
253
-5
-53
271
-13
67
-25
405
-68
-7
97
35
-26
54
167
8
-5
-28
456
126
-27
237
302
-28
-53
-10
-37
-3
-10
170
-7
14
682
277
-7
221
-11
85
51
422
-43
-18
227
39
-21
95
175
19
-16
21
-1
-10
467
-7
97
-49
-20
-18
-39
339
-70
-21
-18
-5
118
590
-50
49
484
83
357
218
-30
-82
331
-29
-21
36
66
-27
-7
-23
50
-16
333
224
327
-47
-32
-26
-8
-3
-58
-27
123
11
261
22
-36
181
-2
-11
181
-5
-20
-18
282
-37
-13
104
173
-40
-5
105
-3
-16
179
42
188
-52
-89
-32
-50
-2
-67
28
162
73
7
-3
-81
121
-62
-14
-7
-11
1
-24
164
-28
-9
-7
151
-17
-12
30
-5
-12
44
269
290
57
-101
-19
-92
66
-76
407
1
28
180
129
-106
58
-49
-8
-20
-18
399
-31
-6
-6
-2
-39
-3
-25
60
29
242
-6
151
486
384
81
-78
-21
-98
90
-73
300
173
88
194
396
-122
170
32
-12
-25
-36
267
-29
-12
9
-31
-47
91
-11
-15
-21
353
114
244
233
510
-11
-59
-22
-34
-35
-32
71
24
0
475
-7
-68
218
436
25
203
-17
-16
-44
-24
127
-41
-24
269
-23
-31
-36
418
96
395
229
407
-12
-35
-1
-21
-46
-20
151
335
-8
282
-39
-1
268
306
-2
-3
-7
-27
-61
-2
361
-29
-1
273
-14
-20
-46
237
189
177
349
593
-29
-13
74
-41
-38
-29
-13
27
153
206
-23
541
170
491
0
-8
19
-28
-51
34
259
-25
-10
135
-4
-30
-18
150
352
-2
229
108
-22
-3
7
0
-69
-12
-12
249
98
300
-1
386
67
213
-9
24
138
-30
22
-1
-16
-29
127
393
-9
47
398
-19
86
238
-14
-26
-43
-7
-6
479
-62
213
-4
315
-16
467
19
17
201
-8
-28
330
-7
-29
-10
244
263
-34
12
-7
-14
111
-22
186
-6
-31
-14
370
-59
-8
6
-64
-9
7
23
-7
108
690
236
-5
425
-4
-14
-2
610
-61
-10
130
190
-27
-12
-54
-23
116
-40
215
-13
-40
-11
123
-59
-68
59
-96
-27
-8
-2
244
247
317
236
-64
381
-34
-13
-49
444
-44
-17
49
13
-21
164
-7
152
418
-34
286
-17
-24
31
227
-60
-87
147
-92
410
-15
0
-6
208
250
856
-90
50
-15
70
-6
319
-68
-35
49
-17
50
108
479
-37
559
-36
103
-24
262
-8
183
-81
-65
-23
-93
608
-70
-18
-17
144
-38
581
-113
-49
378
429
315
-10
-64
-87
-14
-70
27
488
471
-22
859
-2
108
-28
763
-40
33
-86
-50
-48
-76
20
-46
-4
853
237
-28
326
-134
-62
-44
445
-28
-58
-49
-64
-3
-49
161
79
316
-39
147
242
-6
-27
450
-37
226
-47
-132
-32
-124
278
-63
-21
214
357
90
326
-144
-40
-118
395
-40
-62
-6
-20
-17
-17
323
-1
486
-56
-33
258
-7
-29
-19
-27
-14
60
-225
-62
-196
455
-104
-23
-58
840
-20
43
-178
-21
-142
576
-59
-79
132
-57
49
59
153
-26
90
-58
-25
-19
208
-29
-45
551
-41
236
-234
-67
-146
167
-106
-4
-59
678
-13
102
-161
17
-75
327
-27
-104
91
-79
641
162
-6
60
33
-22
341
-33
163
-10
-15
269
-16
-32
-146
-31
-99
-4
-43
-4
-61
502
283
45
-101
201
-30
0
33
-73
-35
-77
50
185
-5
-11
-10
-28
-36
-33
86
51
202
308
-8
-24
-91
-5
-74
39
-30
352
-11
418
146
-30
-61
264
-8
-8
82
-60
-15
-62
-41
-4
-16
-10
238
-7
-34
-44
219
152
-3
371
211
18
-27
114
-11
61
28
190
-24
395
420
-33
221
448
-16
-13
-20
-9
-23
-17
39
51
-31
24
324
-21
-25
-49
133
235
75
114
-8
-15
-8
77
-21
-52
-11
-8
-13
199
332
-5
248
331
28
-9
-19
78
-24
28
18
-21
-28
163
770
-13
72
-2
-12
-4
243
-20
-15
-47
72
126
96
-34
59
46
67
-3
307
312
-14
523
-21
-10
23
76
-40
-25
152
-7
-35
-26
-14
-5
-18
-32
359
73
-31
-5
269
-49
-25
241
-60
129
10
-8
-46
-1
695
-3
-23
419
297
-1
-4
442
-60
-21
196
-19
-20
-48
-31
-21
-47
-29
386
71
-26
-5
214
-27
-17
158
-59
-2
166
-14
-32
155
457
-19
-30
506
84
-3
-45
221
-49
-19
229
-58
21
-49
287
14
-21
-56
118
72
-10
-3
-2
-78
-62
225
-81
10
139
-10
-21
380
-4
311
-91
-14
413
275
-2
43
-65
-53
88
-58
272
276
957
-40
1227
-59
412
-32
448
15
106
-78
-85
223
-85
-13
-10
-8
189
623
-35
-2
-124
-92
-38
508
-9
-24
-120
-42
-13
-48
205
204
850
-40
691
-21
297
-25
493
-20
158
-70
-104
-10
-47
308
-19
32
448
647
-38
13
-128
-89
-58
557
-28
-61
-105
-64
36
-11
185
-26
317
-31
104
-11
183
-27
439
-1
77
-46
-115
-13
-84
719
-67
-13
-7
356
19
-6
-135
-65
-61
510
-1
-50
-31
-29
317
-1
133
-40
671
-30
-36
-7
309
-8
-9
-11
7
-5
-137
-68
-113
665
-74
-59
-48
714
-32
-38
-126
-4
-73
248
-16
-55
-54
-21
1000
-42
-3
-91
663
-42
-41
-47
398
-8
-29
204
-46
-29
-180
-77
-62
357
-71
-41
-109
815
-23
-45
-114
96
-56
82
202
-77
-78
-60
953
-25
-10
-69
280
-25
-10
-15
365
-1
17
192
-20
-30
-104
-68
-35
-7
-32
-8
-75
950
186
-29
-84
295
-20
-31
170
-45
-69
-54
473
-4
-18
-25
151
-14
-39
-40
284
0
72
278
171
-10
-40
-14
152
-15
-1
228
-6
333
316
-17
59
389
224
-36
287
-4
-29
-2
-3
-10
-10
-9
222
-4
-52
-51
212
212
17
361
129
313
-33
297
160
-19
141
147
-14
201
330
-57
398
487
-24
-24
-4
-6
-2
238
38
3
-32
69
399
-12
-28
-48
102
206
-1
93
15
29
-30
265
-4
-48
-4
-3
-13
70
333
-29
52
466
-3
-20
-5
65
13
103
-11
45
-35
135
721
-15
-1
38
-10
16
85
81
-23
-30
39
270
-22
-26
0
267
-9
-12
279
65
-48
668
113
-2
-6
43
-22
0
237
121
-46
23
10
-24
-27
-39
209
230
-9
-23
246
-37
-14
201
-31
264
24
18
-24
66
642
-16
-21
219
201
-15
-6
386
-52
-13
37
116
-41
53
-23
-28
-26
-33
239
138
21
28
364
-72
-10
-4
-35
-20
301
221
-2
227
331
-8
-9
99
410
-10
-14
222
-42
-2
-10
-60
228
-30
1006
-37
162
-32
57
-9
483
73
235
-66
-34
58
-13
-53
74
92
446
611
-31
-16
-62
-30
-18
276
-14
-27
-86
-4
19
-87
271
239
1352
-15
590
-20
469
-20
686
-7
379
-49
-59
249
-20
-49
-18
-8
592
805
-81
-68
-100
-105
-82
514
-35
-47
-110
-37
-13
-48
0
94
854
-25
-17
-13
225
119
331
52
448
-59
-41
201
84
155
-23
220
586
680
0
-33
-29
-42
-29
205
-25
-36
-80
-32
31
-4
-11
-7
356
-5
-26
-23
189
162
347
149
219
-40
-29
21
-34
632
-13
74
127
250
180
-15
-21
-29
159
201
69
-1
-35
-23
195
116
-22
20
318
-6
-23
-22
409
130
338
282
210
-20
-19
-21
-42
216
-22
-33
-11
197
-25
-43
-28
200
-11
-2
239
130
-31
10
315
-23
-25
-38
-11
-28
-42
-38
409
231
191
368
46
-19
-38
-17
-68
-10
-6
-53
-46
57
-36
-43
-50
704
-32
-6
320
49
-23
-17
380
-22
-22
-24
-24
-25
-25
-31
297
141
106
434
-11
-14
-22
-10
-35
-45
44
-37
-54
78
-9
-32
-78
597
-11
-18
322
121
-12
97
142
-14
-20
-8
53
-11
-20
-29
144
89
154
270
291
-10
141
-10
82
-28
199
-10
-21
-6
102
-24
-24
440
388
-12
160
279
-18
-5
-17
-1
-22
-11
327
-3
-38
-42
227
160
230
221
228
292
-9
52
8
-22
13
88
9
270
277
-36
339
431
113
-15
-20
45
-21
-10
119
88
-19
-12
285
-3
-37
-51
233
70
119
115
41
203
-11
209
-8
-16
195
-6
-17
384
317
-29
159
310
97
-22
-20
162
-19
76
46
57
-18
-1
578
-5
-31
73
21
-2
194
49
-12
-17
170
347
27
-13
75
148
-11
-5
349
40
-19
447
294
-15
156
216
-6
-1
277
197
-58
129
129
-17
-7
-7
95
99
-19
-20
472
-59
2
266
160
329
115
-1
12
98
750
-11
-19
182
3
-23
-3
245
-41
-4
323
-14
-57
65
66
-38
359
-18
71
-16
-23
-9
308
-51
-11
167
33
-27
198
154
36
141
445
6
-54
78
244
-28
-25
332
-53
16
-2
-47
-6
-43
809
-32
-3
-18
408
-9
269
9
-5
-44
-24
184
85
-65
-5
175
653
653
-42
-37
-84
-50
-60
279
-26
-20
-78
339
-4
-90
-10
155
1071
57
-2
-6
525
93
330
-5
86
-5
5
283
-3
-33
-20
180
611
811
-72
-72
-85
-63
-88
444
-27
-17
-83
41
-23
-39
-18
137
348
-4
-19
-5
392
247
356
-5
219
-14
203
5
-6
-12
-15
360
411
690
-3
-31
98
-14
-9
87
-24
-20
-44
-2
-13
-32
-26
-8
-30
-10
-27
-9
172
104
323
-2
347
-4
121
-13
-28
-17
229
169
125
304
146
38
327
-31
70
34
-14
143
-26
-6
-17
40
-19
128
-17
-11
-19
-26
78
77
254
91
223
-4
47
115
106
8
102
-9
-10
275
284
113
-21
-8
294
-16
95
347
-36
-3
-27
35
-22
101
-11
-12
-19
-22
221
320
106
22
212
-16
90
116
333
-1
155
113
-7
380
144
-27
-30
288
183
-33
-1
331
-32
64
-17
-6
-22
218
47
-2
-15
-22
220
310
85
71
232
-16
181
157
186
15
249
77
-11
497
148
-31
-19
344
132
-29
-2
275
-27
131
-5
-17
-26
-6
536
-18
-22
-15
186
279
29
-6
287
82
309
138
-4
-23
37
-7
-2
327
375
-30
-2
309
257
-14
-21
205
-40
-6
34
49
-16
-1
478
-9
-23
-40
145
7
121
131
210
226
-10
200
-20
-13
-5
-2
-1
538
379
-29
337
243
104
-14
-28
-7
-18
-18
159
-1
-21
-1
389
-11
-32
-35
72
-7
26
19
98
147
-24
303
-26
-9
160
-6
-17
544
351
-37
67
182
-10
-26
-33
26
-21
-10
175
-5
-14
126
661
-5
-43
216
-6
-18
315
-13
-1
-5
25
308
-7
-17
56
-11
-9
194
340
-8
-32
222
-5
-23
-1
324
123
-11
101
315
-42
-27
129
-8
-33
-1
174
248
-11
-30
543
-43
92
165
-14
280
103
-10
-16
142
459
-25
205
190
199
-12
-10
221
-31
-12
208
-16
-47
-33
57
-33
-36
-10
73
198
-23
-19
331
-58
-23
278
-8
-15
200
65
30
328
255
-25
-19
193
197
-27
-11
213
-42
-31
345
-37
-37
-26
351
-30
-33
-22
239
54
-13
-10
-1
-47
-10
309
270
-26
82
101
182
533
-7
-30
-37
135
-9
-5
-25
0
-41
-1
-1
-31
-52
-3
177
-15
-52
-12
343
483
8
165
166
-17
437
403
-10
106
-1
138
346
397
-37
-25
-43
289
-15
109
-24
239
-17
171
105
-25
-43
-18
201
-28
-58
-18
218
129
119
-5
122
-14
351
112
-16
81
66
144
44
593
48
-32
4
30
42
-6
-16
148
-34
292
29
-19
-40
-30
229
-15
-42
-17
190
129
224
-5
155
-12
289
117
-16
-11
203
108
-5
447
162
-25
242
-17
-2
-16
-14
202
-27
191
-15
46
-26
-35
-26
-11
-38
-16
149
157
214
-6
222
159
160
71
-2
4
99
223
-18
205
188
32
311
-11
-9
-12
-24
106
-17
84
-20
123
-24
-39
-5
-7
-46
-17
80
238
85
-13
152
109
12
153
19
98
111
399
-15
379
25
-14
286
64
-3
-17
-25
62
-14
-3
-19
114
-26
-36
85
-4
-51
-23
90
276
80
-16
135
148
82
361
85
-1
206
315
-13
491
24
-21
242
131
9
-20
-29
55
-15
18
-4
-3
-25
-45
311
-13
-55
-35
125
355
72
-23
239
49
130
324
28
-5
16
37
-11
523
156
-28
129
155
122
-10
-29
24
-19
-11
-5
-14
-15
-44
362
-12
-53
-34
153
244
14
-5
296
33
-3
370
-16
40
-15
-1
-16
685
158
-43
110
260
36
-8
-28
21
-33
-16
55
-22
-19
-41
269
-7
-55
-20
71
188
-2
-6
141
-5
-22
320
-24
10
-13
-1
-17
594
125
-52
-11
345
-24
-15
-32
11
-31
-15
62
-10
-16
-31
453
-6
-51
394
-1
100
166
-12
-20
-15
-12
107
-29
-17
-4
24
72
270
206
-11
-38
403
-8
-13
-1
260
105
-10
-15
546
-11
-13
102
156
-36
166
159
303
182
-30
336
-14
434
-16
-7
-21
-20
-19
-13
320
175
-9
257
185
76
-4
-21
291
-15
273
-24
-12
-20
-32
37
-14
-34
-1
231
177
222
-28
253
-30
31
54
15
-17
-4
11
-5
403
-13
63
-21
237
153
-25
-18
-2
-45
-4
61
-35
-9
-48
82
-23
-39
-9
250
-1
30
-29
-9
-32
-12
-6
313
-10
159
103
-26
615
-23
-4
-33
207
405
-35
-18
-9
-29
18
111
-26
-15
-35
283
127
-26
58
95
0
-18
-19
-9
-32
89
356
197
41
130
102
-36
615
-22
-10
-41
307
423
-35
-4
107
-30
-1
-6
-27
-17
-39
379
-1
-37
93
117
94
-3
-26
-20
-27
194
120
46
-12
226
84
-32
629
-9
-17
-31
305
294
-33
-2
231
-35
148
39
-13
-20
-34
242
-1
-31
-3
190
105
84
-25
51
-7
361
50
79
-4
66
-1
-31
481
-4
-24
-3
249
177
-26
-11
262
-17
231
-9
-7
-14
-22
10
56
-28
-9
250
137
284
-20
166
145
404
42
256
-18
91
91
-19
308
-10
-14
123
161
74
-15
-13
110
56
106
-14
-3
-16
-21
17
145
-26
-1
186
177
342
-22
21
158
398
73
294
-32
134
277
-5
360
-11
-3
170
230
45
-14
-18
21
122
73
-17
-5
-10
-20
79
125
-35
93
194
156
321
-27
27
238
452
138
257
-40
69
344
-7
420
-15
89
426
172
2
-13
-30
69
214
157
-17
-18
-9
-18
365
-5
-44
-18
235
233
418
-31
67
209
336
154
87
-9
-2
234
-6
547
-6
-6
274
302
-1
-20
-44
77
75
5
-13
-24
0
-12
590
42
-36
-26
163
318
398
-34
218
162
175
293
-8
-24
-26
-4
-13
690
-19
-33
160
309
-14
-20
-48
123
-20
-9
21
-14
47
-36
443
37
-33
0
209
389
281
-40
-4
105
70
140
-22
-44
-41
-26
-21
680
-24
-51
-15
356
-20
-18
-54
125
-45
-4
-22
426
355
-19
453
4
-48
557
195
236
422
-42
-28
-10
158
-5
-15
-33
-26
-7
85
511
95
-10
-11
489
-15
-13
-24
183
20
-8
-27
177
326
166
-13
101
-5
215
410
201
129
-30
222
94
439
-3
127
-34
-29
-4
107
323
35
214
317
136
-10
0
-9
373
-8
191
-32
175
192
-1
-21
96
-18
180
403
117
290
-19
584
-5
300
-5
228
-35
-28
144
-1
330
42
149
210
392
118
-10
25
152
-43
0
-23
-5
240
-26
-5
30
-22
-1
311
-4
233
-10
401
188
142
91
355
-11
-21
302
-28
484
-4
43
169
368
205
-18
-5
204
-40
253
-33
-5
186
-21
163
132
-7
136
28
-1
55
-24
316
60
268
307
147
52
-14
445
-34
517
-22
-3
182
528
65
-25
-8
268
-34
132
-40
258
336
-25
90
-1
-8
194
151
187
173
-24
138
228
452
155
6
12
-22
353
-27
534
-25
25
556
510
83
-16
-13
280
-3
209
-34
230
461
-11
-38
-8
-9
310
175
209
213
-28
-5
259
544
-12
94
-18
-20
133
-22
352
-28
-2
647
407
-5
30
-11
242
167
283
-30
98
462
23
-49
-6
-8
390
105
198
448
-22
-9
126
662
-11
394
-33
-19
10
22
95
-34
48
541
335
90
3
21
114
203
230
-30
96
381
57
-41
0
-10
396
65
259
664
-30
-11
-1
672
-4
503
-40
-8
5
71
28
-22
16
348
378
103
-5
-3
74
106
111
-29
86
366
81
-34
-2
-12
389
150
298
716
-31
-10
58
669
-2
528
-25
-17
101
-5
122
-25
-2
422
342
104
-5
-11
122
114
86
-22
156
368
84
-4
-9
-23
201
356
237
663
-33
-3
115
544
5
424
27
-28
12
-7
251
-20
-10
555
399
148
-6
-28
194
10
-4
-20
-15
502
289
587
58
-17
-10
333
132
681
-29
-4
84
566
446
186
-16
-24
-13
-7
521
-25
-11
665
467
39
-17
-49
281
-31
0
-22
-5
667
128
513
7
-16
255
473
84
395
-66
-17
-16
521
116
-10
-36
-27
-4
88
661
-26
-24
570
499
-34
-19
-43
125
-44
-19
-49
340
713
413
178
-16
21
618
355
-7
217
-43
-28
-21
482
-13
-9
-16
-7
20
172
224
-15
333
346
569
-10
-10
-20
166
94
-5
141
-101
-17
3
-34
-11
-26
-5
108
-25
349
159
1
369
-35
-6
-43
-53
-77
235
391
-29
-14
-37
-36
0
-16
271
-33
308
-11
310
-6
-46
221
-36
-16
-56
-44
-30
342
-13
-35
-23
170
224
-42
30
-47
7
-32
328
-37
-46
-67
-53
-4
-24
103
14
-43
239
150
256
-17
-35
393
-17
-25
-68
-24
-19
318
-7
-62
104
-4
340
129
412
-75
96
-2
22
-37
-23
-72
-61
24
-7
190
63
-25
301
-46
-38
166
-39
108
136
48
-70
-12
-16
84
215
-44
-9
-8
175
109
401
-67
-14
-4
7
-56
-11
-42
-73
199
-17
299
400
85
388
-57
-57
159
-34
-5
244
-5
-75
-13
-26
236
120
-46
-14
55
72
63
377
-61
-23
-10
23
-55
-7
-46
-72
206
-14
464
628
112
413
-69
-52
88
-71
86
-1
-27
-72
-7
-32
252
-14
-42
-13
160
100
5
127
-47
-16
-15
-2
-32
-3
-43
-58
77
-5
376
527
-3
267
-51
-38
109
-69
55
-2
-19
-70
142
-36
206
12
-36
156
146
-2
15
188
-49
-13
-16
-20
-30
-1
-49
-47
38
-2
388
348
-6
313
-52
-49
183
-62
155
128
-23
-75
436
-24
119
234
-36
372
20
103
-7
286
-57
-15
-23
-13
-44
-5
-62
-54
99
-3
210
260
-9
409
-39
-42
274
-82
124
460
-7
-72
418
-25
240
246
-10
346
9
113
-3
410
-57
-13
-28
-14
-23
-7
-69
-53
211
89
213
332
-3
555
-24
-30
55
-90
293
272
40
-66
167
-24
202
214
-9
165
43
415
81
348
-51
0
-12
174
-20
-1
-59
-61
300
73
201
191
-5
479
-15
-25
-10
-74
257
110
-4
-53
240
-25
321
-10
-29
217
5
588
122
395
-27
-5
-13
222
-8
128
-74
-62
132
88
278
111
88
313
-22
-30
-24
-55
186
-6
51
-38
97
-34
219
-6
-31
-8
148
569
81
499
-36
48
-2
111
-22
206
-66
-49
269
115
365
172
166
383
-27
-25
-31
-36
428
2
41
-26
-3
-17
206
41
-23
-14
172
544
95
373
-17
77
226
139
-3
90
-34
-13
273
47
134
110
-8
398
-12
-12
-20
-10
382
-43
171
30
160
56
310
-4
362
582
-5
-2
45
88
180
389
266
24
257
166
74
100
176
225
-7
41
-8
-4
-2
155
-12
141
409
-29
83
-5
-17
109
219
358
39
-5
-16
344
-14
-10
193
201
372
0
-28
54
-23
-38
407
260
36
-18
-19
50
341
73
-34
187
498
-36
136
63
27
-8
190
209
-2
140
-10
471
59
161
44
275
425
-5
-11
138
-11
-25
357
247
-3
-7
-40
250
164
183
-41
-2
500
-17
170
-2
-12
-24
35
227
222
116
-18
328
133
400
151
187
200
-20
-10
240
23
-17
246
242
-16
-2
-26
472
185
0
-37
-1
526
-17
265
-30
-22
-24
109
-5
352
314
-41
242
74
436
-11
117
76
-33
-42
124
-5
-10
101
298
-17
313
-44
479
271
-14
-47
-21
684
-14
93
-32
10
-6
115
-18
325
323
-40
549
0
478
-29
164
172
-18
-46
60
-7
-6
0
149
-12
333
-44
451
262
-11
-31
-35
740
-27
-3
-34
-6
-10
206
-37
354
466
-50
633
52
475
-25
196
248
-23
-37
-12
9
14
-3
170
-18
431
-34
404
146
-23
-25
-24
823
-33
-25
-38
5
-11
306
80
211
353
-31
742
-22
190
-16
139
370
55
-47
-5
-3
-3
-16
113
-39
179
-41
600
1
-10
-32
-34
847
-17
-3
-41
0
-9
208
212
221
367
-12
822
-19
32
27
74
502
137
-12
39
22
-12
-12
31
-35
-6
-22
667
-17
0
-36
-21
917
-21
189
-49
191
-7
124
134
282
498
-8
774
-7
1
0
67
481
218
-32
-3
-11
-32
-6
-14
-31
19
-28
487
-29
-6
-14
-34
715
17
140
-26
60
-1
82
-13
355
362
-29
539
46
124
223
34
286
-11
-32
55
-12
0
122
-10
-35
262
-20
261
-8
-7
65
-45
520
-19
0
-10
85
176
40
-41
392
277
-45
669
284
245
-1
13
44
-24
-42
144
-35
-12
121
-5
-25
206
-8
12
93
-16
-47
-37
574
-33
52
12
12
184
105
-32
284
333
-8
562
157
294
-4
202
415
-12
-19
11
-8
-7
230
110
-14
179
-23
-22
101
-1
-17
0
332
-45
114
123
-1
65
247
184
355
81
-6
417
150
-7
210
423
340
-17
-23
219
204
-21
222
302
101
38
-31
-7
118
12
120
-2
15
80
18
-15
-2
208
-5
466
-8
-42
-42
494
-10
44
135
234
243
-15
-49
-18
-27
-62
282
273
-16
-44
138
-3
88
23
-28
39
196
-10
134
193
-3
22
154
243
81
142
151
430
-7
78
225
338
250
-1
62
215
42
-16
223
118
-4
-9
-12
54
69
49
-26
85
427
-16
254
249
26
32
13
197
329
303
19
428
-3
188
321
338
214
-18
-5
259
107
-4
90
44
-9
-14
-12
131
-7
-10
-9
-19
549
-2
11
34
-6
155
10
-1
363
294
-37
453
-6
360
-21
404
32
-34
-37
-13
-19
-12
222
232
-21
48
-27
447
187
-27
-12
81
536
33
19
84
191
205
-2
59
77
-17
-39
598
74
254
-47
282
214
-26
-27
-21
-7
-26
174
226
-8
89
-12
490
106
-28
-18
60
549
-28
236
130
88
170
144
0
135
-8
-24
754
121
103
-34
227
381
-21
-15
-14
74
-25
231
321
22
170
-13
463
-1
-5
-7
-6
310
-58
-10
-15
-18
90
228
198
151
47
-17
732
-3
-23
-18
-3
254
-21
-39
92
34
-40
-11
230
26
-4
0
335
43
-7
-5
167
148
-90
58
-18
-45
63
309
155
148
219
-1
558
48
-35
37
-9
453
-15
-24
359
-12
-37
-8
-1
127
-28
-29
280
-6
29
-47
453
313
-88
552
-24
-26
-8
300
194
345
538
235
560
91
-24
-2
-5
582
-11
-17
245
-4
-34
117
-11
154
-15
-29
409
-23
93
-50
264
366
-71
766
37
-25
-3
302
39
501
336
-3
679
100
136
255
38
416
-9
33
257
-7
-25
262
147
-1
-17
-31
271
-6
222
132
-7
309
-42
386
20
-26
21
-4
21
398
-11
-46
628
143
68
157
344
328
-23
-15
158
-24
-34
150
212
-2
14
-14
-10
-4
-1
-10
-25
311
-33
359
354
47
27
35
-14
218
246
-36
562
-5
287
164
540
325
-19
-5
-6
18
-24
91
299
-22
-5
-8
-26
-17
140
429
300
82
768
164
254
-17
665
-14
404
819
-25
-19
704
639
-27
-7
216
112
-8
-18
0
355
-37
114
135
87
151
525
-49
-19
-31
-9
-30
-4
-20
189
224
-53
31
38
131
-2
-37
-25
254
-2
54
619
528
221
-10
-18
-22
-13
-55
-27
291
-2
-1
-6
-19
190
40
-18
-47
101
-31
-3
217
-35
23
97
186
-6
200
526
210
165
248
522
356
308
-3
197
368
91
-11
-10
-3
184
-6
-4
315
-7
-5
-15
-16
304
-38
-11
34
-10
113
199
116
180
493
338
288
103
463
327
286
312
-15
-11
242
234
-15
-18
8
-5
47
-19
129
-14
-5
-28
-20
542
-24
19
18
-7
-15
200
143
235
376
98
309
90
252
236
448
248
-6
27
28
-2
10
-3
16
-3
167
-21
391
59
-3
-15
-18
391
-18
-7
134
-5
-7
309
-5
74
104
92
248
-4
262
122
298
201
-25
-2
-12
-7
-38
-9
238
133
148
18
478
370
-17
-17
-16
368
-34
-20
250
171
-5
246
-16
42
361
-3
220
0
263
288
398
148
-11
13
20
236
-18
57
219
-5
255
-3
124
275
-16
111
-4
-1
-66
-14
161
-19
-20
171
87
110
55
-13
-6
-23
55
-14
-1
-14
-34
-24
295
142
-32
-18
636
-7
-15
187
-3
361
128
350
126
-46
-65
-35
300
-20
-7
-3
-27
-20
83
-15
-22
-11
193
-54
-30
-28
-54
-50
524
-24
-35
-3
258
-14
-63
141
169
115
-2
180
446
-50
-50
-50
514
-51
210
-1
-42
-24
40
33
-10
113
319
-72
-54
-57
-87
-41
111
-57
-40
-1
279
48
-94
219
492
0
-16
-20
431
-30
-41
-10
554
-45
179
349
-21
-20
-20
-15
54
24
1151
-55
-28
-57
-69
-15
84
-72
-53
-2
589
219
-100
30
328
153
1
-9
-4
63
-61
184
183
-52
-16
295
74
115
-17
-23
213
-21
53
-8
154
24
-45
0
14
-3
-43
75
761
87
-35
-4
53
400
245
-7
-5
219
-16
163
534
-24
219
137
-13
-11
155
-29
493
-12
35
14
567
-3
-15
40
-27
-9
-26
16
654
-17
-27
14
-22
181
34
695
163
53
104
-11
217
-54
420
-10
-1
542
-31
117
186
568
-18
-9
210
147
-9
-15
125
441
4
-27
-28
-7
4
819
-28
-27
-19
99
5
-11
-25
-17
81
-24
20
364
214
244
-11
42
-4
159
146
462
176
-11
199
-9
-1
0
146
-46
-9
-14
255
145
-4
249
119
-12
-30
-3
-52
-45
-1
-43
89
346
153
3
-2
477
142
76
46
654
197
183
158
65
569
266
344
-25
-26
-3
-1
52
383
-4
60
-6
-20
-11
-34
-39
-5
-29
225
407
138
-6
44
264
387
68
398
726
249
391
-6
-22
655
329
43
12
-15
-33
52
-19
296
-6
51
-35
0
159
-25
-62
29
-13
-11
361
82
83
363
326
16
-4
239
513
167
388
132
-4
230
-11
-10
-37
-16
-25
255
-30
410
113
123
-15
-18
372
-7
-21
179
-21
-12
403
-11
346
457
347
349
-2
175
871
0
537
61
112
418
65
20
-12
-37
-17
447
91
837
121
-9
-24
-20
440
15
-19
135
373
217
390
-21
445
738
76
203
52
252
404
265
337
506
-8
326
372
264
74
-27
-54
452
3
669
196
-26
-31
-4
304
-22
-25
-1
310
115
359
-5
141
576
33
-1
-7
352
233
294
263
220
-21
339
198
266
120
52
-64
119
-16
486
221
-30
47
-9
125
-49
-33
117
656
-16
52
-23
89
689
-1
-35
-2
589
-13
194
165
-8
-9
637
-8
109
10
-3
-67
-26
-3
521
-1
-34
377
-21
-15
-51
-47
489
434
34
-2
-33
-7
435
-7
-27
132
812
-17
37
-13
-39
158
446
-46
-35
161
244
-45
-74
-2
464
93
-33
68
-46
-21
-72
-47
510
380
-20
163
-40
-22
164
-13
-24
-18
1269
-20
196
-25
-26
233
473
-53
-36
-3
490
-30
-62
-16
-7
131
-46
-11
-26
-5
-58
-28
520
85
-10
157
-2
-3
84
-4
-6
-2
314
125
331
16
-18
426
265
0
-14
96
392
-9
-14
-12
-29
285
-4
-16
-26
123
-33
-8
660
-48
333
173
-27
-5
254
-3
185
-8
-2
405
413
-4
-11
588
-8
-1
-26
-8
341
-11
-14
-3
-35
248
-18
250
-4
136
-23
-11
154
-18
210
42
147
461
-26
-9
-1
414
215
-12
268
288
249
-25
250
172
-14
-30
-8
-10
-21
563
-20
-29
-12
70
-2
-3
-22
-49
93
-32
120
179
87
134
-11
316
146
499
258
193
146
106
470
-24
237
-27
79
-44
-28
-13
95
463
-11
-18
-11
-2
-14
8
-24
-62
125
-30
102
344
-9
-10
0
488
204
267
287
287
155
303
-1
2
618
132
205
-2
-28
12
30
305
30
-23
-1
179
-59
-18
48
-62
159
-24
40
312
321
-31
-41
387
318
51
663
762
558
222
-18
187
937
86
198
90
-30
-12
-11
611
-3
-21
-17
-37
-26
-4
359
-38
74
101
-11
424
350
-13
17
213
226
119
657
387
409
79
-23
-4
813
-15
-1
173
-6
-4
-1
-7
209
210
-4
-36
-38
5
596
-60
-6
-70
227
589
-24
2
53
320
148
214
728
521
428
43
-39
80
659
-19
53
22
0
229
252
-12
558
635
-38
-37
-33
11
147
-9
-18
-56
398
693
-18
153
68
58
342
140
364
440
206
-13
-44
-9
482
-11
167
214
35
179
-20
-12
210
706
-63
-68
-44
174
42
297
-48
-99
386
547
-38
17
-17
-8
338
151
719
85
117
-1
-55
217
408
222
-24
321
259
294
-24
-33
312
563
-36
-49
-51
515
-9
448
-36
-38
156
212
-4
191
-1
4
103
37
476
235
342
273
-37
192
294
476
-29
270
-13
81
-14
23
644
159
-23
-12
-19
357
6
86
-14
8
236
298
-7
217
111
125
231
259
447
492
303
607
-20
-14
355
217
-25
358
-14
-16
-35
165
362
-8
-32
-15
52
234
-10
-22
-8
261
50
386
-7
-7
298
393
318
243
671
526
255
549
338
-15
493
101
0
313
-21
-24
-15
244
-3
-14
-24
-5
-8
102
-19
-20
124
129
91
158
-8
97
389
320
274
344
496
194
200
186
-12
48
318
90
114
109
-34
-24
70
274
-14
-14
-15
-15
-29
-5
376
-14
669
99
625
264
-28
228
92
-4
349
88
416
210
321
201
58
468
-19
118
-38
225
113
-27
-16
166
-35
-36
-51
-3
-35
293
-17
-59
340
-32
404
-1
-2
-6
-1
415
282
382
168
215
308
241
231
-26
341
453
139
123
-17
-11
89
646
-43
-13
-38
62
-45
-3
410
-69
21
-55
241
261
-20
-12
-16
326
170
625
348
216
93
333
-26
-51
165
383
-1
470
-2
313
208
705
-48
-32
-44
16
-21
-22
240
-92
360
-78
450
433
-25
-26
-54
81
714
110
54
606
86
373
-93
-31
613
748
380
423
-11
199
-4
1069
-71
-22
-32
174
-58
-53
580
-102
115
-71
85
415
279
-25
-80
209
386
-36
849
1069
112
-1
-76
-14
1101
497
173
148
-27
-27
-15
1068
125
-43
-11
295
-27
-87
504
-83
112
-37
63
716
115
18
-80
-16
587
-31
791
1309
-13
-21
-99
-32
1322
112
185
-1
-12
-34
-35
1065
-20
-27
-23
-35
-31
-50
837
-41
-30
-69
259
1248
-40
-16
-78
86
374
-28
715
858
224
-14
-85
155
768
292
397
78
91
246
-38
278
-16
417
-52
-22
-42
-65
1482
-30
-25
-116
438
1019
-86
-17
-48
135
635
-18
1253
1011
250
25
-51
-10
739
93
624
-6
-18
636
-9
41
255
445
-71
-49
-75
-7
1712
-17
-24
-154
277
683
-78
84
310
40
840
518
1540
781
87
498
-87
211
869
158
46
157
-15
720
61
-15
87
62
-88
-85
-106
434
524
-9
-27
-77
194
609
-43
-6
428
98
296
507
1207
551
433
666
-60
178
835
136
-7
332
-8
585
-20
-12
202
5
-85
-28
-62
419
484
202
-26
-23
-21
729
-40
335
307
-2
174
486
741
536
387
582
-23
113
698
96
-11
348
-13
277
-17
34
342
-22
-53
-14
-6
372
75
-27
-15
138
-22
428
84
-2
101
108
297
434
711
372
112
516
477
-14
425
445
256
118
-27
9
181
266
-4
-50
-19
-8
66
247
-21
-25
160
174
133
297
-13
-10
139
210
434
487
573
496
310
336
-15
-30
302
376
51
133
-33
-14
161
251
-30
-18
-19
-3
275
8
113
-8
770
-8
534
270
-24
136
-17
57
637
287
127
337
479
331
119
-4
85
454
-21
123
-26
-16
82
385
-54
-6
-52
194
-53
328
-42
-34
318
-16
136
-16
-29
-16
-27
474
167
272
-5
233
164
532
-15
-15
311
602
225
156
-10
-2
-28
873
-44
-32
-34
510
-33
18
-7
-41
-21
-10
-30
-6
-29
-25
-55
305
-1
204
256
-11
3
330
-38
-43
315
377
388
338
10
4
-31
800
-2
-49
-16
424
-18
-36
-14
-48
-2
-73
-40
-10
-50
-16
-110
298
-8
-37
671
504
-32
-7
-105
-35
784
731
167
0
-53
120
17
1267
129
-35
-5
828
-24
-101
1740
-82
-39
-39
-36
169
5
65
-89
99
184
-74
1144
1104
-60
-73
-93
-13
1033
888
157
261
-62
-22
-4
1640
448
-34
-29
501
-24
-101
1465
-93
99
-52
-9
638
-2
30
-58
-32
492
-33
1276
1446
-45
-42
-87
-11
1183
560
538
87
-38
-29
-21
1178
143
-6
-55
227
-63
-59
318
-59
187
-38
-25
995
-27
21
-34
-8
152
-23
858
1130
227
57
-45
338
1034
491
508
-6
156
8
-37
667
155
-5
-42
231
-102
-35
674
-95
-12
-104
131
384
-67
-32
-19
209
78
117
833
762
606
-1
-45
708
928
-7
489
-18
85
541
-20
337
701
-26
-51
17
-144
65
1526
-88
-5
-97
26
-6
-37
-40
-29
-4
34
550
1283
460
498
514
-56
345
954
-21
103
110
-21
214
-26
252
59
-42
-56
-59
-111
249
448
-58
-15
-20
-23
89
-4
-45
-11
-13
-1
364
1720
215
516
445
-31
246
793
-10
106
90
-1
-1
-10
51
-20
-30
-61
-50
-51
386
-20
-6
-3
133
-19
339
173
-13
450
73
-3
331
764
200
403
427
37
169
520
151
75
116
-10
58
18
-5
280
-4
-17
-13
-10
551
-16
-10
-30
58
-25
323
114
58
29
52
113
291
508
189
118
490
251
-7
133
280
282
95
35
9
108
44
0
-36
160
-3
13
464
-38
26
-1
203
-5
-6
-4
131
195
147
388
221
350
361
200
437
-30
-30
237
401
15
137
-11
10
-1
360
-37
-21
72
58
385
188
-27
259
616
-11
479
1
-31
318
-13
245
737
158
-17
291
359
575
-2
-17
155
597
-7
13
-35
75
73
577
-57
-13
-16
72
-27
324
-39
-32
111
-24
208
77
-8
72
-58
499
130
283
202
405
11
456
-12
160
360
499
249
-10
146
-1
-37
510
-25
-19
-15
-18
-2
-4
25
-24
-19
-11
-11
-10
-7
-5
-32
335
-7
-2
686
286
43
346
-29
-11
506
299
67
-13
-10
61
-23
107
148
-12
-14
253
387
-62
126
-13
-5
-70
-34
1
-22
167
-93
576
-22
-52
803
942
-74
-29
-72
-20
779
462
-7
-33
-43
67
149
894
670
-15
-15
1220
42
-119
1660
-46
-31
-51
-34
-7
-32
162
-82
187
-6
-90
846
1048
-87
-101
-76
-24
964
623
58
-9
-68
-27
161
1731
963
-41
-85
384
-11
-43
734
-97
171
-14
-28
579
-15
261
-22
-15
81
-33
976
955
-27
-34
-19
15
772
439
556
-28
-47
-24
-6
887
596
-50
-43
-6
-26
-4
-25
-47
302
-21
-26
581
87
312
-14
-9
131
-8
713
601
193
85
-12
250
617
452
438
-21
-27
-9
-22
530
495
-24
-5
377
-70
-3
-36
-43
106
-26
-31
228
35
136
-3
104
-12
130
465
407
672
92
4
439
628
-4
193
-11
214
97
-6
337
554
-19
67
514
-112
21
-33
-85
-11
-23
-30
282
-15
-2
-22
128
-40
334
726
110
494
190
-14
-7
634
-25
-3
8
440
89
139
-1
264
-43
-5
-18
-96
110
-58
-83
-17
-9
-26
338
1
-11
-13
156
-33
143
1042
-6
380
454
19
-26
288
-31
-17
-27
265
50
129
-50
360
-21
35
-20
-52
306
-58
-15
-9
91
-22
256
258
85
181
59
-16
119
456
127
291
438
-16
20
350
121
-26
15
11
-5
-9
-14
248
-4
24
54
-4
461
-37
-10
-30
33
-20
147
256
171
-3
74
10
107
494
494
161
569
89
-4
273
220
132
66
-7
-13
-29
107
-12
-27
16
107
-5
361
-43
-10
-3
319
-3
-18
176
238
18
46
164
176
360
414
232
450
-7
-24
413
257
63
108
-15
-28
-15
316
-26
-19
35
44
-1
221
-38
377
630
395
313
-11
-14
449
-2
-2
371
-3
150
396
335
511
-14
-1
261
467
-14
91
-19
-29
-10
490
-49
-29
-1
132
-40
484
-21
-48
274
-2
365
161
-2
366
-38
508
117
327
55
486
-6
369
32
74
460
270
297
92
466
-2
-34
535
-63
-18
-47
-4
-3
309
494
-63
-14
11
234
2
41
256
-33
587
12
-1
581
233
-23
473
-2
-24
398
323
214
-7
128
-22
-23
248
-14
166
-27
458
398
-61
158
-29
-2
-53
-15
-11
-17
17
-64
692
-14
-26
650
818
-60
-35
-27
-51
742
242
147
-5
-37
-4
393
1158
498
218
-28
1011
-5
-87
190
-50
-22
-96
-19
-23
-21
33
-99
567
-7
-75
51
945
-36
-61
-15
-40
924
339
373
-11
-69
-22
263
1670
968
-44
-51
-2
-19
-22
-14
-71
112
-32
-18
389
-24
72
-43
75
106
-31
707
794
103
-26
-25
-16
488
201
567
15
-35
-40
-1
727
526
-20
-23
-16
-21
148
-20
-33
222
-33
-8
420
176
44
-42
-1
204
-15
483
151
263
234
38
55
99
206
679
-17
-34
-42
26
492
77
-5
116
-7
-19
248
-23
-9
86
-33
90
198
300
-11
-30
195
207
35
502
168
381
214
24
163
319
217
242
-19
-29
-8
146
426
199
101
309
173
-21
305
-27
-7
30
-57
32
-2
261
115
-35
93
56
205
796
-12
317
145
-16
0
554
212
96
-7
-30
33
62
417
338
-4
306
-4
-33
344
-31
50
-6
-36
-10
91
318
57
-29
11
107
142
877
192
365
239
-12
48
647
320
161
-10
-13
-2
-14
290
248
-7
85
124
-27
473
-39
-11
-13
-25
-7
142
248
181
-32
232
7
-3
562
228
167
506
-13
-1
504
407
128
-6
-21
-17
-40
323
0
-23
-11
194
-13
441
112
-21
-23
-2
-1
119
160
344
-8
100
12
17
501
435
101
544
105
44
440
212
342
103
-9
-15
-30
213
-40
-29
-9
190
-16
300
265
-22
37
152
214
58
68
243
-28
94
307
124
509
354
68
524
91
-24
418
164
329
175
-2
-19
-9
243
-47
-30
-4
109
-10
260
-27
274
737
405
491
46
-20
494
-17
-13
202
-1
216
489
423
606
-15
7
287
265
218
81
46
-34
-9
359
-79
-42
94
388
-17
427
-56
-30
188
-34
141
35
-5
145
-28
39
-10
187
276
74
192
454
-13
-11
321
430
209
252
354
-19
-60
315
-41
-34
-27
395
-11
461
-12
-49
-26
-25
-10
23
-10
63
-2
291
-30
20
269
126
-6
694
34
-20
395
503
171
98
20
-6
-62
354
79
-19
-21
344
-1
99
-18
-42
24
-38
-16
210
-7
132
-26
493
-27
-2
369
407
-12
366
-16
-34
587
154
369
-6
26
-4
-8
538
350
41
-15
658
-21
-8
-44
-37
-1
-65
-3
217
-11
-2
-56
481
-3
78
29
352
162
163
120
-27
450
112
458
75
-18
-27
94
707
338
-17
-16
43
38
190
-33
-33
263
-28
-7
375
29
115
-42
417
24
-2
391
498
264
214
76
-23
289
122
408
-1
-8
-31
45
388
431
30
0
156
-8
336
-11
-23
95
-40
-9
480
201
135
-27
126
0
-8
217
220
280
429
-9
-3
207
131
539
-19
-10
-42
80
453
646
150
77
146
-35
479
-10
23
-18
-58
53
417
99
-8
-32
-3
26
19
141
-17
241
502
18
-1
111
22
494
-2
-16
-31
-4
365
424
187
50
269
-30
436
65
-9
-21
-71
13
337
16
22
-50
-22
0
0
380
-31
186
500
154
-10
202
81
485
38
-28
-29
-3
391
389
85
95
371
-38
436
176
-11
-26
-62
-2
245
75
-5
-46
-19
53
66
411
-20
154
536
134
-7
331
109
409
-7
-29
-31
-6
472
188
23
-6
298
-25
469
-12
-13
-9
-51
-10
251
69
-1
-40
0
108
123
398
-4
110
518
0
-7
353
247
354
-3
-25
-35
-15
447
70
-5
-22
356
-9
298
117
-8
-13
-24
-17
196
21
195
-29
-1
173
167
652
75
9
420
-3
-10
435
331
336
212
-13
-21
-12
329
-6
-21
-23
422
-11
253
90
-15
-2
39
-6
220
-9
210
-39
34
183
237
639
90
40
419
-8
-16
427
251
434
271
-11
-13
21
350
-19
-24
-18
33
60
295
-45
245
539
107
281
119
-34
406
-24
19
67
11
188
273
295
592
-25
194
229
441
267
3
-2
-11
-7
335
-57
-31
-9
474
-14
383
-64
-9
50
-38
209
111
192
94
12
-25
-24
136
232
151
528
153
-17
100
345
300
317
183
424
-28
-23
106
-42
-21
166
347
-9
450
-60
-10
-23
-21
-23
-7
0
-1
0
-23
-47
108
153
-2
406
467
14
-21
361
307
83
186
-2
-13
-39
100
-17
-3
128
218
-27
559
-68
-19
-9
-17
-19
132
-2
57
-3
-7
-56
103
555
238
289
329
-15
-18
547
207
76
20
59
-7
-44
249
-6
35
87
300
-37
483
-47
-30
-5
-22
-13
206
172
95
-23
-2
-30
60
612
240
119
357
-8
-17
548
114
92
-13
6
-20
-23
401
287
109
51
394
0
470
-56
-11
-1
-37
-10
206
190
256
-13
69
-26
39
320
287
203
261
-27
-20
460
169
73
-3
96
-16
-17
446
389
99
176
304
-6
510
-50
-3
-6
-35
-6
303
336
191
-16
52
-16
-4
137
302
166
366
-16
-1
459
164
137
-9
5
-21
-18
339
454
203
221
228
-34
556
-58
-13
-22
-16
-7
506
296
13
-20
-17
-2
110
20
19
236
316
-26
34
428
9
137
-8
173
-14
-13
295
289
194
278
177
-28
492
-64
-22
-23
-14
-6
530
263
-4
-28
-20
-3
89
10
-10
157
268
-22
50
364
-9
100
-1
225
-7
-18
335
176
197
267
203
-28
403
-57
-15
-29
-12
26
482
187
-10
-40
-23
-1
114
229
-12
115
223
-19
-1
290
-8
127
-5
44
-16
-19
443
88
151
162
17
-24
464
-53
17
-14
-14
-15
394
185
-8
-47
-20
35
224
407
125
201
300
-13
-4
354
41
190
-8
45
-23
-20
354
-8
7
152
116
-1
390
-34
135
-12
-7
-19
307
77
72
-52
-19
65
100
707
272
252
290
-30
-10
386
180
175
-5
-16
-26
-19
220
-6
-14
-1
247
41
417
-63
85
-7
-14
-22
225
40
199
-42
-18
-6
162
714
203
283
310
-16
-14
464
107
96
-10
-24
-33
-16
129
-19
-8
47
189
-6
472
-66
286
329
-10
93
140
-22
427
-37
-26
-4
12
191
705
254
379
-12
397
457
179
65
-7
21
-20
-6
239
-45
-22
203
429
-8
345
-53
-6
18
-15
263
188
159
46
-6
-27
-16
182
103
-15
538
102
-14
437
417
55
496
62
247
-53
29
213
-37
-21
98
181
-19
510
-33
-4
-22
165
-8
87
34
-11
-3
-28
-33
102
117
102
461
173
112
417
438
3
188
219
166
-48
-35
0
-12
-7
272
238
-22
510
-32
207
-20
247
-14
259
287
119
-34
-23
-30
56
365
195
385
119
147
224
539
317
274
223
141
-40
-27
55
167
-9
422
448
-27
400
-9
123
-28
-5
40
248
51
185
-49
-22
55
-1
453
279
157
94
227
78
545
354
372
190
-7
-42
-5
289
431
-4
451
380
-32
390
-34
60
-37
-25
-3
252
65
151
-49
-30
167
130
506
27
154
25
130
-1
455
137
336
105
-3
-50
71
286
323
-19
535
394
-43
374
-39
-25
-46
-49
-11
285
116
122
-33
-33
43
110
420
-21
177
7
27
-6
279
-15
119
-20
-1
-41
-1
98
251
-24
442
386
-48
393
-38
-45
-61
-30
-8
344
304
1
129
-31
-4
119
287
-32
151
-9
-7
-15
10
-37
-34
-27
155
-24
-14
-13
308
-44
295
366
-47
399
-43
-53
-60
-21
-3
380
376
-1
118
-29
-1
111
253
-31
88
-13
23
-27
-1
-41
-49
-33
138
-21
-17
-12
265
-44
261
334
-53
359
-41
-49
-62
-21
-6
365
330
-5
25
-32
58
105
340
-31
130
-17
22
-31
36
-43
-49
-41
135
-25
-20
0
283
-29
185
204
-59
414
-38
-32
-41
-17
-21
260
255
-8
-32
-34
37
170
478
-3
227
13
9
-21
159
-29
-23
-41
113
-36
-30
50
270
-32
174
484
-21
269
-22
-33
-29
-1
-11
188
97
350
-41
-35
25
228
533
405
269
65
162
118
495
373
122
-36
-11
-49
-41
192
185
-44
107
520
-50
190
-41
-45
-2
-25
-17
2
-39
442
-44
-24
-4
201
672
362
-4
221
74
297
800
207
3
-16
-15
-58
-32
338
38
-60
-11
333
-59
297
-12
71
405
-10
201
-11
-36
488
-13
-58
31
146
356
538
141
354
115
741
585
170
116
-9
55
-69
-3
243
-37
-78
-16
-6
22
-28
-10
-9
-19
-5
-36
-36
18
-10
188
121
-29
114
-9
245
-1
0
-74
296
-39
-10
174
142
15
-22
12
-76
-15
183
-18
-29
-6
188
-64
-27
-28
61
-5
-30
-25
-2
292
499
0
7
-4
120
-13
96
225
-28
-27
-39
122
109
-12
-14
61
-45
-20
-20
-11
-54
-21
686
-71
-33
-5
-8
3
274
-43
-24
-5
851
89
131
167
534
-11
212
155
-37
-20
-18
178
318
202
-22
88
-37
-51
-66
-40
-51
-46
771
-55
-12
-16
27
224
332
-18
-23
-30
543
43
234
176
717
5
166
-20
-38
-10
-33
201
476
245
-26
163
-21
-83
-54
-17
-42
-40
679
-59
-6
-27
53
227
295
-1
-21
-37
456
-6
279
88
696
25
217
-27
-28
-21
-33
170
405
335
-16
57
-1
-80
-44
52
-28
-23
559
-52
-3
-21
86
146
237
-8
-8
-51
535
-6
165
132
477
-10
190
-10
-19
-7
-32
107
435
216
-6
158
-15
-71
-32
98
-36
-36
586
-46
-25
-19
206
187
406
-8
-9
-33
517
-4
129
27
363
-14
189
-8
-26
-5
-28
213
430
78
85
200
-25
-74
-26
54
-39
-30
541
-57
-39
-7
191
222
319
-15
-1
-20
535
-4
93
187
435
-5
15
109
-33
-24
-21
223
209
224
-5
419
-25
-71
-9
-9
-53
-32
631
-55
-32
-15
164
131
285
-10
-5
-26
268
47
-3
114
488
-7
29
-15
-26
-57
-23
217
120
290
-5
298
-16
-75
-29
-2
-50
-23
632
-20
-19
-20
115
31
289
-25
183
-30
360
151
-9
78
555
75
-1
-15
-21
-20
-17
212
148
453
-7
275
-8
-60
-10
8
-46
-5
593
-21
-22
-3
70
34
240
-30
123
-16
456
146
17
114
369
-10
193
-13
-18
-3
-17
207
110
489
-28
175
41
-56
-23
-12
-55
98
489
18
-14
37
-1
186
177
-25
0
-9
593
326
47
222
316
-9
101
-26
-18
-25
32
280
175
365
-28
299
-10
-26
-23
13
-27
-1
532
1
31
341
-3
162
497
-5
238
-9
723
409
-28
374
159
-3
158
-1
-7
19
35
475
269
180
-30
115
-7
-20
57
-8
-23
242
103
-1
307
290
5
-26
0
0
497
162
358
108
-53
148
49
95
215
-21
41
288
124
525
219
410
-4
-3
186
162
304
14
-25
118
481
109
-1
245
-16
-20
-23
-15
300
122
411
250
-34
279
-14
24
-51
2
-39
-30
78
481
142
492
-23
9
275
-13
140
-30
-44
152
556
228
-1
246
-22
-19
-2
-29
315
33
602
358
-47
117
-15
36
-28
-11
-45
-25
172
519
274
293
-3
-13
-1
-10
-17
-13
-33
43
610
330
-3
215
-12
-20
149
-18
463
-2
546
471
-43
-7
-7
-4
-17
-18
-26
-1
162
613
231
98
33
0
7
-18
-6
15
-26
8
478
195
-1
132
-19
-23
-5
-26
243
-23
515
550
-32
-35
-6
-23
73
-12
-32
-12
-4
551
-5
17
75
0
112
-35
-23
22
-14
58
301
43
-2
103
-21
-23
12
-45
254
-24
491
342
-28
-40
14
-17
192
20
-39
-19
-7
408
-13
131
-10
39
-3
-41
-30
-10
-18
121
427
150
57
176
-10
-21
100
-49
288
-25
348
268
-38
-19
-7
-31
58
-5
-19
-15
-11
436
-20
128
-13
0
-6
-37
-45
-2
-9
71
428
58
-7
322
12
-16
-1
-52
214
-13
419
177
-45
58
-5
-36
70
236
-11
-6
51
388
-13
555
-21
207
161
-23
-17
-34
19
-1
360
91
-14
224
79
-14
-1
-29
226
-3
291
207
-45
0
19
-28
7
96
-15
-7
10
338
38
643
-37
197
198
-31
42
-32
47
-2
364
0
-22
223
214
-14
-17
-24
120
-8
382
108
-34
-5
-8
-26
57
244
-19
187
-2
395
-7
540
-42
65
403
-58
-14
-51
-6
175
369
-16
-7
185
179
-5
-10
-15
145
-1
402
187
-45
-8
218
-41
297
424
-14
-22
-18
337
-6
398
-28
240
222
-46
-31
-51
-21
47
476
-9
-7
305
-6
47
-15
-11
175
10
280
347
-38
82
94
-36
272
86
-8
-26
-16
237
-5
224
-42
177
377
-41
-33
-37
-35
-4
422
158
-17
502
-24
44
24
-24
444
-16
845
330
-60
43
-18
-6
119
79
45
293
-3
559
23
371
-34
-2
-7
-5
24
-34
-26
106
288
27
174
190
-12
-77
-2
-45
488
22
700
186
-47
178
10
368
-16
-25
121
233
135
579
363
288
-30
-1
-11
81
361
32
-55
-32
416
50
-26
167
93
229
-23
37
259
156
243
113
47
320
-32
73
-53
-27
-29
-33
208
386
82
604
-59
120
519
-64
474
-10
-33
33
266
394
-8
313
31
25
-9
17
233
318
516
150
-29
183
-30
-25
-44
-33
-22
-21
180
534
277
411
-32
-1
80
-36
103
-5
-20
-5
293
382
4
249
110
-6
115
-16
308
208
431
173
-49
51
-10
-16
-25
-47
25
118
44
545
310
318
-23
-20
43
-20
188
39
-32
-22
170
242
-8
232
69
97
26
-13
291
-6
397
266
-37
-13
-19
-31
-23
-47
-13
-22
-4
536
111
272
-48
115
-2
-37
11
-1
-50
-23
-11
205
0
278
94
-19
112
-6
214
41
321
97
-3
-18
-35
-32
-49
-51
-40
-72
135
529
230
362
-52
257
-38
-27
-11
-26
-23
-1
-7
325
-7
136
140
-40
227
-16
118
91
405
-11
-23
-7
-28
-14
-58
-46
-34
-46
52
580
196
325
-34
112
-30
-20
-20
-25
-12
30
-4
-2
-12
322
181
-67
41
-36
44
252
422
-13
-17
47
-27
-27
-63
-35
-41
-8
389
536
90
403
-40
170
-5
-42
110
-33
-20
-3
30
-15
-1
197
-7
-87
-17
-40
169
364
242
-7
-11
-5
-15
-24
-58
-20
-29
155
190
263
107
237
-43
84
151
-44
450
-17
-27
309
138
-2
-13
181
-6
-68
-21
-37
291
290
338
-9
-19
-8
-6
-19
-54
-21
-2
338
74
259
146
411
-42
41
163
-12
406
-21
-23
367
186
20
-12
178
-14
-10
-3
-39
195
298
322
71
-38
-13
-4
-36
-36
-22
-12
21
-2
199
117
501
-31
-14
250
-12
190
-28
-46
59
256
-17
41
129
-12
157
106
-19
145
44
209
81
-39
139
-22
-47
-33
-34
-26
-18
-1
256
122
364
-40
46
322
-43
47
-35
-60
-10
281
-5
10
269
-18
53
-4
-37
556
-6
681
130
-57
208
-20
184
-3
-28
171
99
-12
376
109
404
-15
-7
138
0
32
-34
-35
123
131
-28
487
636
-24
-40
-3
-7
116
-32
104
65
-21
915
391
880
-23
-29
466
177
-15
78
343
737
-66
168
-22
351
524
-45
-32
-11
326
-20
-4
279
301
155
0
382
118
349
-18
-19
-4
395
-43
-25
-54
67
-7
-55
-21
253
92
349
-40
-18
308
-68
208
-19
-7
92
83
237
77
180
41
-40
-8
195
106
462
5
20
-26
169
-9
-16
-46
-18
117
-17
96
351
161
87
-37
221
-8
-69
85
-31
-1
26
237
112
-4
142
-18
74
-10
-32
181
285
72
-3
-29
63
-12
-3
-40
-24
0
96
-5
74
-2
-1
-25
-2
-4
-48
319
-17
-17
-1
300
159
-14
102
105
86
274
133
433
195
128
58
-42
52
25
-27
-14
43
-23
106
-2
387
188
84
-19
127
-8
-39
135
-21
-12
-3
13
310
206
204
245
4
214
282
213
473
-4
-7
-8
-18
-38
-30
-41
-38
-50
-48
327
324
358
113
-35
296
-39
-35
-1
-22
73
90
-5
148
287
263
221
29
347
309
118
334
53
-13
-25
-12
-42
-36
-11
-6
-41
-9
279
483
241
132
-24
48
-19
-48
-15
-22
-12
97
-2
-24
206
393
359
8
-13
146
16
573
-9
-19
81
371
-64
-25
-48
-17
-45
-28
387
453
132
197
-30
106
-17
-66
22
-56
-24
57
-5
-61
212
510
100
-34
-30
182
57
426
-24
-33
836
592
-37
15
-64
-59
-25
-63
169
-8
-38
-17
-96
411
-73
-58
197
-66
-40
-11
168
-60
-16
494
-30
-55
-23
-16
333
21
-27
-29
941
565
299
107
-77
-118
131
-89
81
-51
-54
-28
-133
534
-85
-13
37
-53
-59
-20
64
-32
-21
535
-35
93
-23
-36
171
177
-23
-24
794
263
-13
-7
-81
-110
-42
-91
294
-28
-8
-12
-77
204
-80
-4
-14
-53
-53
-2
69
-2
44
205
-2
128
13
-8
133
298
104
-4
-6
112
-62
-37
-67
-47
-55
-40
323
356
237
197
9
-8
-11
-29
-6
-49
-53
-3
243
-15
40
177
23
168
212
83
427
16
328
-3
-58
353
-27
146
-46
-29
88
166
-10
424
132
280
183
-20
48
167
-5
-40
-36
-1
-11
-5
554
685
202
852
-15
1176
185
-30
-33
-3
163
1179
50
562
-54
-46
265
95
-12
19
220
312
-74
401
-6
-7
410
-20
58
3
242
-9
191
371
63
21
20
432
305
46
-10
-17
-16
377
-16
-8
-10
60
218
-17
-23
148
24
134
-21
6
139
-32
269
28
209
375
-5
98
211
243
-21
-71
-5
-9
273
253
63
2
-25
168
99
105
-11
-7
329
103
174
83
65
266
-43
421
-14
-32
268
-4
240
540
-20
-29
123
294
-42
-40
49
-32
133
337
289
-22
-18
139
106
-2
-30
119
0
294
107
-14
-8
224
-37
246
170
-49
328
-19
358
486
24
-14
-3
265
2
-4
58
291
312
581
274
-21
-48
0
25
-17
104
515
76
330
-18
252
-8
103
-34
398
241
-51
421
-22
127
691
-50
201
287
208
-4
-12
-37
392
28
386
149
-16
-31
-35
103
13
149
-28
-30
441
8
100
218
49
-60
657
212
-26
301
-33
296
549
-38
-12
396
272
11
-29
-7
532
147
351
289
-7
-47
-44
75
-17
314
342
-20
367
5
445
22
118
-37
574
206
-36
63
-42
332
647
-7
-14
418
425
331
120
-13
815
164
406
163
-21
-33
-25
45
-4
42
410
-21
275
-8
776
-15
-12
-26
435
60
-58
-7
-53
123
711
-14
-20
251
456
746
420
-23
923
67
462
-7
-33
46
196
-4
57
-10
-9
-38
245
177
810
-16
-16
-56
584
-49
-72
0
-46
69
313
7
-21
246
396
664
862
-16
599
143
472
-26
-30
290
273
254
300
-38
-55
-31
15
289
318
-4
-36
-60
899
-56
-58
349
-29
82
150
-15
-16
289
476
369
1077
-15
198
-7
686
-40
-28
289
154
-34
-27
-47
-52
-57
-32
420
362
139
-33
-23
399
-58
-63
242
-42
-8
62
-2
-13
425
386
274
440
134
326
-9
511
-10
-3
-21
63
-21
-35
-19
-17
-23
-6
135
383
337
168
127
225
-25
-41
63
-29
-24
167
57
-23
508
403
132
213
194
218
210
38
40
59
-58
288
-35
189
-22
-21
206
62
-15
423
406
298
-8
-12
-1
-9
206
-41
-31
148
-26
132
498
485
226
338
-43
939
411
-2
-22
-22
88
405
-28
277
-63
-49
328
492
-19
191
-4
283
-57
288
80
-16
636
-1
45
88
59
324
175
307
130
-43
-34
366
291
21
-9
-16
36
100
-9
50
-57
-45
658
435
-13
-11
9
72
-42
533
2
-15
769
234
-12
389
88
480
-8
155
-25
-49
-24
-11
228
185
162
-4
-10
-14
206
155
-18
-28
76
350
-1
-1
27
84
-45
566
-73
-1
242
161
381
470
-29
-2
330
325
-9
63
160
-4
-15
537
281
-31
-15
39
44
22
-31
-16
-42
-7
-12
-2
111
159
-43
214
-33
-48
131
-4
537
548
6
91
-12
127
26
-17
279
126
288
274
661
-13
-57
49
322
-15
-16
454
-6
307
-14
208
243
164
-26
593
-38
0
392
-5
170
842
-12
350
-29
-11
-12
-52
-7
440
253
-19
343
-20
-66
-29
856
-6
-39
0
115
467
-27
170
-1
-16
-54
682
-27
660
85
229
11
688
0
171
-9
-1
0
-92
-13
484
299
-57
154
-22
-60
-35
404
69
-51
-13
-33
329
-25
372
-26
-16
-29
307
146
486
-26
220
59
482
208
208
-7
85
25
-50
161
302
422
-57
293
-10
-47
-37
28
60
-83
-9
-26
49
-50
439
-12
-26
-6
407
-18
280
-30
-4
40
503
167
188
135
99
260
-12
26
628
455
-1
-2
-9
-54
-16
-7
58
-66
-15
-17
-18
-36
526
0
-15
-14
499
15
-29
-17
-17
170
636
80
-1
478
-3
73
165
-22
306
487
-3
-21
-1
-34
-9
474
200
-34
-32
110
105
-24
192
-11
-23
-42
958
283
-30
252
-11
456
501
-2
-14
214
81
-2
217
-7
60
317
230
-1
83
-34
-7
118
-5
-17
-25
183
100
-7
351
68
-21
-27
714
-25
-27
-9
-14
131
200
46
170
216
250
-10
107
44
127
360
6
108
-5
-28
-1
-5
132
-12
-39
225
13
33
142
137
143
-29
494
-22
-36
-4
-7
-38
143
-12
-10
377
543
-12
195
-16
413
413
-22
531
-10
-43
161
-49
661
-23
-40
640
138
-18
316
322
328
-31
171
-19
183
83
-49
-36
220
-7
836
-10
251
-13
-44
-15
687
615
549
-31
-1
-18
251
-3
228
-68
-28
465
325
146
224
181
506
-50
361
-18
-1
230
232
-47
299
104
861
-6
116
-22
-60
167
999
486
565
-24
-4
48
146
485
-19
-63
-27
532
499
61
-10
-6
173
-52
400
-8
-7
458
16
-3
780
-33
665
158
191
-42
-106
65
343
269
688
-24
-15
190
82
599
-2
-60
-40
-7
575
190
-38
-31
194
-64
258
-49
207
427
200
684
474
-89
-14
310
71
-9
-27
34
235
-40
738
380
-36
-5
-27
278
38
-46
0
-53
-4
361
-5
-38
-16
-68
-27
-59
-40
446
-12
1011
158
-104
-27
407
-3
-23
-37
388
-17
-7
401
652
-17
-9
-11
327
145
-65
0
-34
484
547
-5
-47
-29
-64
-9
-58
-22
1301
8
1016
720
-67
-28
-43
-25
-15
-57
222
470
-15
-17
391
-34
-40
71
626
-11
-75
-3
-53
485
397
140
-43
-34
-45
-11
-55
918
247
534
500
1355
-34
-31
-69
-53
-37
-68
-44
837
-42
-40
259
-38
-28
-29
1508
263
-134
-14
-61
-7
93
0
-72
-49
-65
503
-75
1192
-68
310
-5
1442
204
321
-31
-65
-48
-47
-55
602
-29
-11
400
-1
-20
-36
1638
182
-130
-16
-29
-30
-47
-41
-38
-54
-53
780
-65
1091
-60
-45
-31
1119
0
295
-29
-53
-29
-40
-43
857
-5
-12
230
-2
-57
6
888
-15
-99
112
-27
-22
-41
67
-15
-32
-32
404
-59
701
-34
-57
-2
905
43
32
-3
-9
72
-23
-28
881
344
-14
24
-11
-46
9
682
-12
-56
56
55
52
-18
202
-13
-26
-28
482
65
137
-2
-13
183
566
195
95
101
393
-21
326
44
241
409
18
-12
-2
-29
79
382
13
-27
123
15
-3
-7
99
353
20
-10
502
-24
-4
-19
87
78
548
116
480
147
233
-19
5
-10
325
581
368
-2
13
-33
61
52
21
-12
-3
86
-11
112
205
285
306
-15
372
-24
-6
-15
-3
-29
591
-19
323
358
545
-18
246
-20
518
488
303
112
-4
-35
344
-27
552
-43
-12
357
136
32
232
425
592
-20
113
-8
589
39
-26
-47
78
-14
611
-1
175
193
19
-23
804
648
618
-36
12
-11
622
30
473
-65
-21
204
280
285
283
55
56
-45
132
-26
-13
-12
252
-39
-19
-8
515
-18
83
205
585
-2
1068
526
521
-36
80
154
808
237
-3
-68
144
-22
59
398
201
-19
-27
-29
192
-33
-51
-4
175
-10
284
-62
491
-24
-4
485
76
-46
836
0
489
-25
-16
115
564
98
0
-91
-21
-91
-23
396
338
-47
-54
-49
23
-76
-52
-13
187
460
89
-101
-31
393
-30
-2
-83
-8
676
-43
257
288
-21
68
-13
297
253
-75
29
-48
-10
395
-5
-55
-40
-70
-35
-66
-43
505
-25
961
457
-115
-33
505
-37
-54
-12
189
129
-44
255
279
-21
102
-24
523
548
-64
100
-32
274
410
-25
-41
-62
-66
-22
-65
-7
1220
-8
1018
750
-82
-14
-32
-17
27
308
52
234
-28
419
52
-31
-10
293
279
675
-46
-8
-58
591
563
274
-41
-59
-28
-5
-84
392
427
443
761
937
-37
256
-79
-33
-26
-15
-18
887
-36
441
-15
-24
111
398
1121
180
-82
-19
-38
191
430
15
-47
-49
-55
496
-84
507
-55
156
-7
955
-9
491
-52
-32
-37
662
-67
1388
-18
555
144
2
448
691
1822
11
-127
163
-21
-28
135
-68
-63
-65
-58
1006
-80
588
-33
-37
-33
769
-9
462
-20
37
-59
1113
-49
893
-26
91
-6
-3
241
812
985
-12
-96
-2
-28
-39
95
-52
-27
-46
-20
275
-56
265
-1
-28
-22
589
128
400
-6
250
-13
295
145
564
499
135
21
-4
-32
331
388
-4
-27
-3
83
-2
20
259
217
45
-3
412
-2
0
-8
-2
-7
282
391
112
212
252
-11
498
98
437
513
107
-21
150
-34
300
346
-1
-8
-2
-12
-21
11
224
172
-1
111
202
-18
-18
-32
-10
-10
274
366
524
173
-4
21
146
127
345
451
263
-24
144
-36
341
251
3
-6
-24
-5
-17
232
257
191
430
-2
86
-2
-18
96
74
-29
455
-3
347
397
400
-3
404
-1
462
474
251
-7
26
-30
801
0
649
-13
-21
351
180
83
71
396
593
-24
-11
214
406
27
-10
-57
64
-14
439
-6
244
160
-37
-40
590
392
170
-21
40
-40
479
121
177
-68
-23
179
195
347
465
105
49
-31
229
-6
113
-15
-7
-29
-16
-3
403
-4
322
120
-30
-50
417
-7
38
-11
6
-21
208
40
-3
-68
-23
-36
88
193
555
184
-26
-17
96
-12
-26
147
151
100
-15
-64
231
98
52
271
-18
-31
725
-16
-11
0
-10
97
109
-15
147
-106
-20
-73
-16
264
732
-26
-67
-48
-23
-67
-48
504
-23
236
-46
-104
-24
337
-19
-33
98
0
1059
-9
-10
-35
-8
420
367
-1
509
-105
-9
-50
-22
190
-12
-55
-57
-72
-11
-73
-20
754
-46
218
131
-60
-9
298
55
-35
593
221
669
114
39
-32
-9
105
318
169
504
-37
78
-24
191
372
-8
-19
-25
-39
-5
-53
-18
809
-4
290
478
-41
205
45
258
128
442
39
114
168
298
-25
-12
-18
404
-4
302
-39
-18
-27
531
286
248
28
37
-24
162
-37
-8
240
375
576
163
-7
146
-19
166
339
192
104
333
220
682
-12
168
-28
557
362
-5
-10
-2
-20
117
314
308
82
-8
-1
356
-12
-5
75
88
88
64
116
166
-41
-18
271
336
-4
724
264
787
-3
134
-16
616
640
-25
-24
265
-6
-33
219
257
13
-19
89
383
-21
-18
-1
-11
-16
-17
217
231
-35
-11
50
726
162
358
55
386
-2
125
-21
436
462
-30
-2
195
6
-32
275
394
103
-3
521
91
-16
-19
-17
-29
-18
44
86
246
48
52
-1
329
144
219
275
59
-14
154
-39
304
155
-10
-25
77
124
-17
52
397
193
10
76
155
123
-15
-1
-12
127
188
164
49
538
95
46
383
41
165
250
190
-20
217
-37
258
257
-5
-20
-9
0
-22
13
203
234
95
-5
223
117
-40
-5
-15
-4
266
296
290
374
122
215
233
-14
391
252
368
-14
282
-31
453
288
179
-33
-29
-9
-13
334
288
165
386
-11
277
23
-34
56
82
-37
119
-2
387
241
378
299
576
24
396
541
308
89
160
-34
695
-12
776
-18
-28
389
11
269
226
310
757
-23
3
341
192
78
-9
-42
-1
-27
537
-2
247
217
-73
-43
465
94
115
-31
176
-39
540
249
137
-61
-26
298
310
373
275
264
256
-52
263
-19
512
84
-21
-45
-9
-50
637
-10
118
7
-97
-62
151
-38
9
-11
162
-36
408
458
75
-113
-30
136
-15
262
183
245
-20
-48
274
-11
447
253
-18
-8
-39
-69
-4
313
-31
321
-11
-18
770
-37
-8
-24
-5
254
421
-4
24
-78
-38
-39
-12
106
284
-32
-61
-44
-5
-71
82
236
-17
6
-46
-92
-36
587
-23
-17
315
-17
1069
64
-16
-56
122
213
707
-10
368
-92
-22
-44
-16
242
-23
-57
-41
-75
94
-79
146
429
-30
157
201
-53
-17
523
159
-30
431
-5
468
231
-6
-35
28
-9
402
-19
236
-43
-24
-23
201
338
148
-6
-18
-39
-12
-44
-41
291
-10
-4
376
-35
-13
385
552
107
335
7
262
74
-11
-31
69
-22
397
29
-3
-41
-44
-7
120
138
276
195
-13
-7
72
-5
-40
-16
96
-24
475
-13
124
328
426
215
154
-3
308
-15
71
-11
190
-36
201
327
-16
-40
-40
141
-20
11
318
390
26
-14
196
-9
-6
-4
194
-42
194
-10
356
276
204
277
369
42
338
-15
131
-15
324
-37
110
577
-13
-36
-40
121
-13
-2
333
520
272
-17
357
-4
-19
27
50
-28
38
-2
239
243
158
112
326
25
126
-3
88
-24
330
-36
72
397
-12
-24
-27
-12
29
8
296
387
252
-6
196
-16
-21
-6
155
-29
52
-26
348
257
44
221
163
-13
207
63
189
-29
362
-41
261
63
-4
-52
-24
56
-17
136
292
254
152
-34
158
-10
-25
-11
-16
-3
163
-16
394
328
48
44
0
20
213
159
273
-22
387
-31
222
300
-4
-38
-26
60
-18
94
161
336
128
-27
385
89
-11
-8
-27
-17
182
-8
512
202
173
-23
216
-15
262
182
415
-28
352
-19
527
573
178
-56
-36
48
-11
406
-3
218
308
-31
448
215
-2
-6
-21
-34
-9
-20
719
228
399
113
670
3
347
377
360
-12
217
-23
670
-13
805
-21
-54
531
7
446
140
194
772
-30
112
411
324
396
-26
-40
-5
-48
546
41
181
687
-9
-52
571
261
189
-37
330
-31
481
-31
396
-57
-30
56
176
440
527
180
71
-61
216
-18
167
172
21
-53
-29
-54
720
-20
-5
429
-8
-25
884
-6
60
-51
358
-17
646
76
281
-84
-41
-37
-15
355
372
118
-24
-57
231
-17
218
240
98
-53
-27
-33
589
79
-21
479
-3
-26
822
-16
187
-48
101
-4
398
338
147
-73
-35
-32
-10
327
321
-4
-16
-22
227
-47
243
97
-16
-39
-22
-15
471
412
-10
323
219
86
667
164
191
-50
154
-7
451
185
-6
-44
-41
-3
151
220
-1
41
206
-26
212
-27
242
300
26
-43
78
-22
492
349
204
270
256
-8
645
46
183
-39
75
-30
291
78
39
-50
-39
-7
257
230
447
21
137
-22
266
-4
139
15
-9
-28
199
-2
245
247
387
574
128
-14
760
65
146
-53
288
-26
364
342
116
-45
-22
-21
38
166
448
71
4
-3
410
105
-1
-11
-11
-47
119
-11
110
84
413
512
394
-1
632
-3
75
-38
426
-12
358
397
-17
-57
-30
-8
-17
66
350
272
-13
-7
360
63
187
-25
-6
-56
130
-21
235
62
307
396
556
-5
590
-1
47
-38
478
-7
346
451
-7
-73
-33
-10
-12
139
314
321
-2
-7
431
181
238
-27
-12
-46
150
-16
244
206
182
452
562
17
574
-4
149
-45
520
-2
351
533
-9
-66
-27
-17
-22
202
176
332
62
-11
536
221
228
-5
-10
-43
219
-29
342
254
202
528
461
-18
559
-1
305
-54
463
-2
464
233
7
-72
-32
-17
-30
243
272
252
0
-34
387
179
107
-17
-21
-15
183
-23
435
173
121
254
677
-6
544
77
385
-42
422
-8
408
325
13
-55
-41
-35
-17
174
179
246
-4
-29
346
110
-6
-13
-5
-11
175
-28
461
231
64
103
869
-10
576
77
407
-38
354
-19
450
404
132
-68
-36
-26
-6
350
15
232
60
-33
390
129
-11
20
4
-28
-3
-34
839
358
186
302
1005
26
594
203
224
-26
196
-17
515
-22
612
-32
-63
357
110
446
184
239
454
-34
121
126
312
282
-10
144
114
-42
365
252
42
858
175
-33
437
154
147
-25
345
-30
442
-27
179
-14
-33
32
130
316
466
77
139
-25
171
-5
12
255
-21
-11
57
-44
322
191
111
813
-10
-9
563
-10
6
-29
431
-30
612
-25
0
-54
-27
-34
-23
312
581
202
-21
-24
257
210
-16
226
89
-41
83
-39
755
183
69
995
52
-12
483
-21
130
-22
294
-36
433
-8
109
-68
-42
-15
-36
364
770
427
-9
-12
320
55
-8
207
-8
-33
0
-30
724
366
-11
934
162
-1
362
-11
194
-30
307
-34
216
259
248
-56
-30
-7
-8
243
403
525
162
-10
735
50
50
351
-20
-38
120
-17
713
390
46
908
174
-5
601
-24
179
-23
292
-34
237
112
199
-56
-35
-13
-12
358
462
219
180
-17
582
304
-5
361
-18
-22
35
-12
425
147
132
853
115
-12
622
-5
97
-35
313
-35
368
119
137
-50
-22
-17
-13
387
402
225
91
-3
553
196
14
198
-14
-1
-5
8
292
142
271
739
204
-7
438
51
123
-29
422
-24
463
57
-10
-34
-20
-1
-24
381
325
406
209
25
380
350
144
92
-5
-4
-1
-2
191
222
228
698
223
-3
383
106
190
-21
483
-19
508
-1
-18
-41
-26
-13
-32
441
322
464
285
79
346
375
166
65
-9
-1
-2
-9
115
275
256
769
388
-3
297
143
207
-26
470
-11
432
-1
-13
-42
-29
-21
-37
437
277
479
238
57
431
289
170
-2
-7
-3
175
-22
148
276
204
648
392
-16
311
127
217
-35
453
-13
492
-10
-8
-38
-24
-9
-28
366
420
369
140
-7
150
465
-3
-8
-11
3
267
-37
171
272
47
454
540
-26
321
25
163
-44
447
-23
361
-1
-7
-50
-28
-29
-29
312
357
217
10
-23
236
376
-23
-1
-23
-12
246
-32
287
365
86
398
558
-49
534
-15
127
-34
492
-34
379
-14
-13
-59
-21
-27
-21
492
264
70
79
-28
253
264
-30
-1
-31
-30
-1
-28
592
684
155
562
738
216
679
7
39
-6
401
-17
362
-36
264
53
-45
319
206
581
395
56
506
-24
70
195
-11
331
-30
191
462
-49
-12
287
390
741
175
161
363
123
137
-13
278
-13
548
-6
191
478
-23
154
-11
594
410
449
303
-11
317
99
203
208
-9
53
342
-32
76
-7
303
587
90
294
262
81
174
-11
380
-19
638
-9
-20
387
-2
-9
-26
466
365
462
32
-3
65
51
-2
172
-16
-20
442
-48
190
75
269
642
297
157
352
130
68
20
421
-45
615
207
66
46
-1
64
-7
385
528
445
81
31
35
114
-2
404
-25
-7
393
-61
130
189
65
573
399
478
278
205
0
65
494
-48
409
412
146
-14
64
189
-12
440
339
507
181
-17
303
160
61
619
-21
-10
350
-40
93
204
56
621
413
498
126
342
65
91
480
-24
485
281
93
-2
-1
248
-35
631
231
395
296
-15
207
263
5
662
-8
-9
221
-16
-10
29
166
620
413
386
160
193
52
-1
322
-3
549
283
-3
84
67
194
-36
688
157
293
264
56
264
206
-4
458
2
80
91
161
-7
-7
236
656
436
262
87
194
266
49
221
77
603
240
-12
312
206
0
-30
632
167
229
520
134
365
109
-15
514
37
109
97
200
6
15
167
660
369
206
58
210
350
97
220
98
539
260
-7
245
161
-9
-18
590
188
269
667
92
396
134
-17
591
-5
68
97
277
-2
63
188
663
392
153
13
208
341
37
231
134
521
216
-1
35
59
-10
-16
585
160
228
534
85
490
114
-15
454
-2
-3
172
172
92
155
182
577
532
164
40
147
293
-9
307
102
615
191
72
39
-4
-7
-6
620
195
200
412
72
403
302
-17
385
5
80
456
-18
132
400
143
457
482
91
335
85
347
-5
452
-10
537
178
67
6
12
-13
-2
548
290
224
525
-18
463
256
-5
307
-6
-45
280
-25
298
394
200
495
522
-40
481
-13
258
108
583
-12
491
-17
-9
-25
-20
-3
-13
754
363
141
413
-38
328
0
-30
245
-23
-44
-11
-26
192
493
371
519
332
349
346
35
92
271
466
28
326
-38
210
359
-24
572
126
677
475
107
535
-8
-4
158
-12
629
-34
